tags/0.1/data/area_dinf_2m.txt
ncols         197
nrows         200
xllcorner     183434
yllcorner     584651
cellsize      2
NODATA_value  -9999
[rows 62 to 92 of 200, columns 71 to 141 of 197]
16.8005 5.63046 9.73814 14.8637 9.7054 9.56624 22.9619 5.49515 4.68084 8.72051 8.41107 15.5508 23.4553 25.7801 22.0088 22.4288 26.8875 23.939 20.323 20.7796 29.3117 26.0928 45.09 24.1528 50.5373 2.56953 78.6831 21.4514 64.2915 30.3459 37.5004 35.9284 36.7174 36.2844 40.4211 37.4286 36.1285 70.7001 39.6102 40.4214 35.5715 40.3544 71.1028 46.735 33.5272 40.9796 56.3648 68.7194 57.4376 51.2864 46.1099 50.8701 40.7179 115.471 47.2865 98.5357 77.7738 65.956 -9999 -9999 -9999 -9999 -9999 -9999 -9999 -9999 -9999 -9999 -9999 -9999 -9999
13.5552 16.8228 3.39486 16.7389 3.68442 8.22038 22.8262 7.07396 4.24671 6.45786 10.4264 18.0536 16.9085 22.0793 32.6618 8.74693 35.9389 16.5401 16.3461 22.6879 31.6051 33.5476 26.7815 57.6729 4.01832 49.1596 37.1206 64.326 24.7362 35.1883 34.7594 35.3158 34.13 36.1875 37.7512 34.9743 68.2239 34.0047 43.4913 37.2479 34.5397 70.0306 47.2879 34.2929 36.1736 58.9208 61.7786 48.9256 56.7486 42.6945 51.8124 41.8669 104.024 54.7332 82.9026 77.6075 73.5195 66.9603 118.056 -9999 -9999 -9999 -9999 -9999 -9999 -9999 -9999 -9999 -9999 -9999 -9999
5.603 14.2753 18.1977 14.0481 3.02025 2.25494 9.76478 20.8507 3.64631 5.14357 9.58432 16.9459 18.6987 17.5539 28.388 21.8154 22.3855 14.189 16.7526 27.4753 31.5006 30.3942 32.8714 33.3749 34.193 32.2684 41.0331 51.0034 30.1105 32.9109 34.789 31.708 34.3626 36.5186 33.6018 53.9516 43.2147 46.2302 30.5112 32.8032 75.1167 42.8173 31.3863 40.411 48.3099 62.4891 44.3567 55.0628 39.6564 56.4659 36.9083 101.229 49.9478 80.523 76.5219 66.2841 73.8644 105.2 63.6225 96.4507 -9999 -9999 -9999 -9999 -9999 -9999 -9999 -9999 -9999 -9999 -9999
9.4123 2 8.90055 23.0981 25.5176 2.84067 2.00004 16.3988 10.1179 3.77827 7.94406 18.1204 16.6895 19.4491 26.9069 19.2253 16.6343 14.3037 17.9929 29.9413 33.0442 26.645 31.0072 32.4595 32.285 33.4726 47.0692 30.4937 36.9218 34.9166 28.7386 32.7145 34.2999 35.0467 43.8184 45.9865 40.6936 33.4378 40.2468 64.2683 35.5222 41.5588 39.6736 38.5391 63.0144 40.2589 51.9111 41.8927 53.9454 40.3962 97.8582 41.8751 78.3158 73.83 61.9591 75.7133 88.7548 82.6131 76.964 64.9873 105.299 -9999 -9999 -9999 -9999 -9999 -9999 -9999 -9999 -9999 -9999
5.1616 9.45677 20.6273 12.9231 11.4107 27.7367 2.25311 9.38634 8.03825 6.87042 6.08957 18.4922 15.1457 23.7916 22.0532 15.669 15.0795 11.2314 24.1243 27.1263 34.0669 28.1875 23.8886 32.0606 32.4091 32.0257 43.3921 31.2698 38.1201 26.7615 31.815 29.9876 37.2916 36.464 42.3654 44.4637 34.321 25.8044 67.0589 41.8271 38.7882 34.3465 41.596 64.4899 31.2013 50.6899 39.8202 52.6432 45.4261 91.4763 23.701 94.713 66.6605 57.8924 76.8477 79.3957 86.223 60.4872 81.3127 88.917 61.3853 131.551 -9999 -9999 -9999 -9999 -9999 -9999 -9999 -9999 -9999
8.04434 27.9213 12.985 15.9952 17.0143 3.37123 24.3244 6.16386 3.0802 8.51393 4.87955 16.7305 19.7795 19.4445 18.7462 14.4282 11.7341 13.9088 25.5867 28.1266 33.7127 19.6282 28.6136 29.5928 27.9021 34.1594 42.4749 38.4495 20.2245 33.8516 24.7748 36.1545 37.9786 36.0554 40.2625 42.1107 16.194 67.5547 35.6212 42.3994 37.8948 41.2803 43.7943 49.5459 40.7701 37.1409 52.6966 42.3348 97.1133 27.0641 90.4023 55.2859 55.1606 76.9302 72.326 91.3136 54.5068 77.5253 77.5259 78.7497 124.298 63.4549 128.846 -9999 -9999 -9999 -9999 -9999 -9999 -9999 -9999
27.7814 9.34702 7.11281 3.28729 5.4091 18.028 5.03082 22.916 6.0838 2.67063 7.80306 15.6587 18.5652 17.1883 18.0456 11.5083 10.8692 20.2515 18.2207 42.0144 16.4864 21.5439 30.9963 25.2309 29.7799 38.1454 33.4818 28.5051 36.496 15.9277 30.9518 43.8538 29.3574 37.3086 42.4128 24.2289 54.6696 36.1066 39.8735 36.2916 40.006 45.0383 44.7312 37.5161 43.5154 48.0699 36.9301 98.2092 29.8495 70.2282 56.2628 53.2443 64.9945 90.0122 83.0537 43.8093 80.2489 68.9215 82.6453 114.382 64.9258 118.022 75.5019 -9999 -9999 -9999 -9999 -9999 -9999 -9999 -9999
24.8046 17.362 17.5403 18.0599 16.06 9.61802 17.3886 14.4168 18.4046 12.1502 3.44112 13.6332 17.2501 17.5614 17.4603 9.38098 13.2379 15.9036 32.0534 21.6728 27.1295 14.5788 32.9932 23.6157 44.677 18.2059 32.7869 25.9261 30.1301 24.7161 42.4111 26.5026 34.2171 39.5968 29.2479 47.1988 32.0694 38.3875 36.7506 39.4101 40.3396 40.0731 45.9863 36.6608 40.1801 46.2157 92.8348 33.8725 61.7251 47.1228 56.4595 66.0942 81.2708 68.398 60.4676 75.897 56.5018 89.2678 106.377 57.7376 110.763 81.0999 99.0065 -9999 -9999 -9999 -9999 -9999 -9999 -9999 -9999
2.00007 11.9254 8.53608 9.34742 10.853 13.6902 11.2784 6.00279 13.779 8.39279 10.1503 10.35 15.4854 13.6462 19.8645 8.21477 13.8777 25.6189 21.4988 18.545 21.2337 29.7189 20.4031 37.341 25.2596 27.7562 25.5933 22.7241 24.9426 32.5206 36.0656 31.4981 33.0322 31.8684 46.4276 27.4251 36.6757 35.4925 37.9814 38.6367 40.0826 40.8474 39.4861 37.2557 48.1622 71.3423 55.4351 51.1336 45.8852 51.2024 58.837 83.7121 62.0495 63.7144 65.7226 65.2811 86.9187 87.9937 70.7155 98.1868 75.2273 95.1304 90.2592 109.331 -9999 -9999 -9999 -9999 -9999 -9999 -9999
60.813 16.6897 32.0406 30.2696 29.2769 27.277 23.9734 25.8218 9.9357 10.3621 8.29214 9.08437 14.5848 11.8385 19.8416 8.46255 20.05 17.9553 22.8422 15.0623 20.8831 26.9001 28.8419 30.1995 24.8909 26.2173 21.526 20.3471 25.5583 30.0821 34.919 38.1185 26.9504 43.1568 28.2177 36.1389 31.8111 38.6925 36.693 39.6695 40.2604 32.507 34.7578 54.842 61.0791 41.8753 63.1146 41.2903 51.2411 49.8139 85.0219 58.699 60.9044 64.6354 62.1936 71.5038 88.8684 88.753 73.8123 86.9828 88.0749 76.2814 110.083 79.3243 111.863 -9999 -9999 -9999 -9999 -9999 -9999
13.5924 41.7904 21.6505 23.1006 16.5876 18.0845 20.3979 13.7151 23.9734 17.7816 9.96114 8.23524 8.33144 18.4567 11.7459 13.3346 18.0501 17.0996 22.6408 13.2822 21.9007 24.8936 31.2009 31.7005 16.4071 25.1511 18.4587 22.7755 24.5034 30.8994 30.0244 40.027 40.7518 21.5155 34.5837 30.5824 36.6017 34.0386 39.1862 38.5001 31.8676 35.8975 49.9207 46.2779 52.4701 62.041 38.7867 46.9049 55.2927 72.3605 58.628 57.4743 63.4345 61.0238 61.7573 87.1665 81.7327 74.5457 96.6685 66.5791 84.1714 108.398 69.3859 100.154 94.2426 96.7256 -9999 -9999 -9999 -9999 -9999
3.30832 2.00003 28.771 21.0106 20.9213 15.4244 15.9883 21.2064 20.9089 24.2813 21.4536 9.44893 7.12837 13.355 14.2317 15.3887 14.1919 16.9578 21.8095 11.5055 23.7912 22.9973 40.2401 19.4034 16.5555 19.6795 19.8956 21.4248 26.2483 28.7442 37.9451 31.0858 30.9138 34.9604 23.3631 37.0121 29.1206 41.168 33.2822 36.3383 32.1089 45.6919 44.3942 45.8212 54.8922 54.2612 43.291 56.7427 55.5064 59.4739 55.1423 61.86 61.0136 58.4749 74.5124 73.76 88.4551 93.6031 59.8001 75.6629 95.8144 77.6099 91.4192 99.4646 90.2127 85.253 72.9843 -9999 -9999 -9999 -9999
2.69174 42.2135 16.7099 18.7502 22.6728 26.9595 19.3047 16.7075 15.3175 14.9674 23.6499 20.7584 9.95144 7.63764 14.8276 15.7314 15.5519 12.9016 22.1702 9.74811 24.9583 36.4508 23.2127 18.2902 18.9022 11.3498 22.2666 21.4316 27.2488 31.3525 34.3866 29.4746 26.7565 29.0974 38.5553 20.5757 38.7591 35.5077 37.8357 27.5383 41.7193 41.1503 45.0872 54.1057 45.1665 47.4067 57.1316 51.1206 57.0997 45.8433 67.3296 58.9795 56.3045 62.7583 69.4435 93.6421 87.1227 57.17 73.8465 72.4895 96.6017 73.1377 111.072 85.4187 90.3233 62.1666 76.3879 73.6062 94.1636 -9999 -9999
60.0741 26.512 29.5088 34.6199 24.8985 18.5925 19.6834 19.1749 19.0653 16.1224 10.8867 23.3409 25.9481 9.49985 7.09318 17.2543 16.3378 13.5408 19.2748 9.5193 33.9299 26.6948 21.1217 17.2087 13.4172 19.6921 13.352 24.2798 25.9182 36.2025 31.2415 22.5082 27.3829 29.8053 29.6353 34.604 38.2733 27.0424 33.5031 36.9794 34.8315 46.0902 55.1958 39.7239 42.3526 53.3044 48.177 56.6033 49.1971 61.969 61.3509 54.3619 51.4286 64.1164 92.27 82.6276 58.028 73.1501 68.1398 82.7789 76.1825 114.903 75.0479 98.5672 61.0715 76.1766 62.2099 96.796 90.6374 93.7363 -9999
30.1732 26.3921 22.6905 12.7629 17.5518 16.2054 18.5075 17.1296 13.5428 15.6411 15.575 11.5453 14.1738 29.7324 8.88611 8.16679 19.6566 14.4999 17.8491 9.46135 31.9301 28.2844 17.3406 13.4001 15.8458 18.5037 12.9502 22.8727 30.4038 36.3433 21.999 23.285 25.6982 29.9674 29.2621 36.9764 30.9218 28.7058 34.2906 36.837 48.1433 44.7794 39.8625 36.8602 47.9346 50.4344 49.2209 53.127 63.2848 57.6119 49.2912 48.7779 55.2738 90.7082 76.1633 60.3592 71.9942 68.5279 75.6498 68.9194 94.519 95.699 101.914 52.4231 82.74 54.734 93.3624 78.1262 99.1775 100.457 109.658
32.6443 24.3647 21.5507 29.0647 27.7813 25.1615 18.9401 16.3179 17.3326 17.2822 20.7121 15.2145 13.1509 9.25587 29.2731 7.65053 11.896 20.8885 13.1477 13.7014 27.1112 29.1033 15.3407 13.4096 11.8364 22.9017 8.6475 31.3973 21.2119 36.6742 19.1563 21.2701 28.7983 25.9423 33.0277 30.9431 35.309 35.5518 21.0838 44.1076 43.8973 43.0519 34.2176 38.7441 54.8564 50.6243 47.5291 53.3747 66.9523 48.3477 43.6901 45.0873 68.1097 93.8551 57.6987 69.1867 71.1132 72.0705 60.4335 79.7426 100.877 101.117 55.7895 88.8857 52.4338 81.5776 73.8844 95.6074 92.1354 109.411 113.648
8.37506 27.0875 32.0891 23.4232 18.7269 22.7093 20.6287 27.2147 26.8931 28.0921 20.7121 25.0519 17.2094 17.576 9.16343 27.1774 8.42648 15.8504 15.5032 15.2693 23.7329 27.6243 16.4327 12.4335 9.9569 19.7573 17.6144 25.4245 26.2131 24.1368 18.6047 27.2148 24.2238 26.9541 38.9905 32.4841 23.9989 24.8086 40.0006 41.8718 35.5333 38.6127 36.4594 49.0746 54.9111 37.5927 53.5779 63.7863 49.1849 44.7343 39.2881 46.2126 94.9745 60.9003 71.8385 72.737 70.9809 52.8513 69.2267 93.5624 103.984 58.4925 85.3446 66.8938 71.2542 63.8217 88.056 88.1187 108.084 106.647 108.824
40.8728 34.0389 28.5269 29.2101 30.8357 21.5427 32.6285 26.9067 28.8548 25.0674 27.8555 26.2409 32.6089 12.8017 18.7424 9.66611 27.6423 8.95771 17.8271 14.0845 19.2719 30.7505 17.2774 11.1038 9.7921 17.9368 17.7016 25.0945 27.3803 18.1645 19.1862 24.4461 28.7462 32.6268 35.2701 20.638 25.6211 22.9988 45.2459 41.7638 30.7719 42.7197 42.0427 54.0537 29.5325 50.7798 62.6757 48.2585 44.862 38.5341 40.1866 67.5142 81.3672 62.3293 72.2205 77.6964 46.2565 63.9748 79.001 111.564 51.9962 87.6708 76.2099 59.5576 64.6607 80.5433 77.7393 105.858 104.987 104.215 91.6296
36.9338 31.9041 27.7508 27.2963 20.5116 32.1478 23.2485 22.7311 17.503 14.9941 13.7858 13.6127 12.4141 32.6471 10.3207 17.6023 11.006 27.3335 9.10423 19.3538 16.3549 26.6485 22.2623 11.5491 8.96686 17.3035 15.2086 28.0413 24.6376 13.4831 18.898 28.3996 27.8537 36.9388 22.3626 24.9496 18.8861 38.3873 33.0384 39.2112 39.1778 36.1075 44.8884 35.4152 48.1456 54.6489 54.442 42.6576 39.2735 32.6521 61.3681 74.2882 59.9751 78.6615 64.6127 64.36 53.7515 63.5209 81.9312 90.5054 89.3446 53.3037 77.1743 54.653 63.8104 77.2478 105.071 97.5539 106.23 98.7807 74.2193
24.6204 23.5862 31.868 28.3788 36.6025 28.5068 26.5363 20.0374 19.0468 17.3544 15.8112 15.1896 16.9463 15.3256 36.2649 15.194 16.9998 9.07636 25.3337 12.1547 20.5613 20.4873 21.8897 17.4341 7.71241 17.7648 13.9903 25.302 20.374 15.2822 20.4546 27.4339 34.635 27.3308 22.5549 18.7627 29.6809 30.4687 35.4579 32.4538 42.3944 41.0472 25.4001 50.7675 46.0094 59.7727 42.956 43.069 28.0902 52.8459 62.9928 62.9474 71.5625 63.4492 74.3787 43.446 59.1533 67.334 103.576 70.4271 76.1664 64.409 59.4767 53.4992 70.8061 98.1534 93.4169 114.653 89.8946 87.6886 57.3718
36.2701 36.2091 27.0156 27.9398 23.7821 22.7413 20.9027 24.3738 24.1308 24.1786 23.3447 21.4443 16.9221 9.47697 3.58669 23.3604 12.2961 17.3915 9.80857 26.8684 8.88311 24.8824 16.9248 24.9671 9.04739 15.7649 13.1461 23.0771 19.1312 13.4091 26.7398 22.4722 37.8832 22.7959 18.3509 21.821 26.1732 34.4339 30.776 38.4156 30.7484 36.0003 46.6032 34.136 57.1081 51.6214 47.1977 23.1678 47.7368 53.861 56.9436 65.5431 64.4521 81.3709 45.8624 43.5386 62.1703 89.1318 84.1639 75.4498 61.5353 58.5704 58.305 57.6887 77.0276 105.687 107.807 94.3778 102.594 46.4138 55.3443
41.6503 33.5473 32.8188 34.393 32.1637 28.8194 28.113 25.4545 19.4872 17.1218 15.2117 13.1122 13.6343 18.1923 17.4451 8.50563 18.0508 13.4289 17.241 8.51071 24.8685 16.0577 19.8454 19.4415 19.2947 13.8303 12.4604 17.736 19.1581 15.6889 23.7662 30.076 30.8246 19.7373 15.1608 23.4481 29.4431 31.9465 32.6688 33.094 30.1266 30.5171 47.3105 53.7017 49.1118 42.943 33.8793 42.1671 51.7683 44.255 51.3514 68.9124 65.6285 70.2827 37.8446 43.7057 86.7872 84.1943 71.8004 72.5017 58.0638 50.5696 55.1209 68.0515 84.0089 121.137 104.624 96.5044 55.2205 59.5167 57.8533
26.3201 31.1601 34.5372 28.8952 27.0977 26.7473 25.4984 21.5126 22.6435 21.1694 19.0151 22.6203 20.6204 17.0753 19.2868 25.813 21.8109 18.1235 10.4858 18.2668 10.1243 20.335 18.8635 20.5952 22.4673 11.6043 14.3194 13.5866 19.3075 14.7819 26.3749 28.2247 29.2867 15.5 15.1553 26.3334 30.3911 29.3903 33.4085 27.7337 26.9981 39.2034 45.3028 49.9244 51.3486 35.6994 33.9559 49.8548 40.162 44.5797 55.4735 70.3194 66.044 53.8242 31.1904 75.3147 81.3523 82.2422 61.0107 59.0815 57.0271 51.9451 55.2526 70.8148 125.969 106.964 99.6047 60.8012 53.3817 64.3288 48.5917
42.4157 35.9757 27.2717 26.9764 26.6811 22.9515 22.3546 22.3973 30.3365 28.8177 32.745 28.8181 28.7548 28.3 28.452 20.2248 17.3474 21.9521 28.0783 9.83988 16.2669 10.9198 21.8426 18.8144 18.2175 22.7962 11.4133 14.6874 15.169 14.9205 27.1203 27.5581 26.6264 13.9497 16.1932 25.4976 31.8573 29.3065 31.9911 23.904 26.8529 44.8001 48.674 39.4768 45.8078 37.6206 45.3684 31.7208 44.6137 42.4453 64.7738 71.4022 46.7751 50.4634 39.4293 88.8358 83.4068 70.1078 50.8038 52.6386 57.9401 47.3497 68.7929 64.0893 162.23 101.06 64.1865 51.6235 57.8883 52.2284 71.2063
45.2353 36.9352 35.9625 34.1713 27.36 29.3533 27.0084 35.3567 25.499 31.3594 28.2902 24.9331 23.5633 25.8687 21.2477 23.9279 23.4009 16.0721 11.5946 25.8714 14.6926 13.6366 9.17527 31.5797 11.4709 27.1629 7.41683 14.2235 17.0865 16.0172 25.2492 25.9312 21.3268 14.8717 18.7828 27.4401 25.3144 32.9344 26.217 23.7791 34.5685 43.1541 44.6315 38.7859 36.574 41.1507 35.25 46.4888 30.9271 49.6551 74.8065 53.0089 51.7201 37.7434 68.1875 97.0153 59.1301 53.3515 57.4785 57.0441 46.9772 40.79 79.0015 128.354 114.982 85.2465 56.6684 42.948 53.3944 55.4337 84.9067
18.1642 32.8653 32.6963 26.3447 35.5133 32.1758 35.0569 24.7955 33.0399 25.3162 22.3439 22.7554 22.5131 18.6137 17.0827 15.8315 15.3148 15.032 15.2125 9.65322 18.2083 14.2984 13.1163 8.66574 35.2318 9.82501 19.3874 11.6456 18.1763 15.201 24.5358 23.7751 18.6167 15.4232 25.334 19.4258 25.9595 32.1699 20.4087 33.3798 29.9256 46.4107 39.4761 33.8495 40.3358 33.8252 34.7047 40.1777 35.1451 57.438 72.911 54.8144 37.8124 44.5683 101.539 62.7578 50.4999 55.9797 48.7748 55.8239 41.4905 44.3719 122.125 125.152 101.572 57.2479 44.2097 49.2324 43.3679 78.0185 84.839
36.8408 30.5142 31.3294 39.8167 28.6707 35.2676 26.9664 34.351 22.5446 25.814 25.5885 27.8051 25.3971 20.991 22.1916 20.2698 20.5027 23.531 15.4459 18.3119 16.7152 16.2874 12.9566 11.1163 16.849 23.0486 14.6104 16.6116 17.2213 15.7917 20.8683 23.0493 17.0101 18.9446 22.183 18.8646 29.6378 23.6847 21.4369 35.8713 36.9617 45.2396 27.3064 34.896 37.4156 31.273 32.4158 33.5828 49.3804 85.8328 29.8446 61.608 39.7421 58.5816 92.6216 49.8892 43.9027 60.2056 40.3828 51.2629 39.3725 106.26 80.0389 144.885 70.9097 44.4554 43.553 38.1074 58.8263 84.6382 100.023
23.8271 37.7203 39.9226 31.4711 34.6339 22.7555 37.6383 28.974 31.9111 25.771 24.1091 17.7056 14.9663 17.4081 12.2074 10.9276 10.1286 10.5593 19.2998 15.5985 13.7138 17.7274 18.571 14.0579 6.17575 21.5764 18.3164 17.0281 14.0449 21.1667 14.5467 25.3709 18.063 13.8917 24.3463 19.0878 26.2513 23.8832 21.7656 39.281 36.3728 34.0306 32.8539 30.5047 37.056 29.2579 28.9689 33.0976 70.6722 54.7288 65.5213 26.3438 59.5521 61.1177 86.6792 25.3676 57.4158 50.9235 35.5736 48.1428 101.393 37.0672 159.728 88.4907 52.2359 41.6677 36.96 39.6396 71.7092 109.291 81.1848
81.2744 50.6574 32.2663 39.0136 38.9435 49.2364 35.8521 32.083 24.0008 22.9773 22.1497 21.7847 22.4585 20.2957 21.8095 22.0776 22.2898 18.1233 14.5284 13.1794 15.0512 14.1655 15.4412 24.1108 13.7521 6.46686 20.6488 17.1432 17.4001 19.1702 17.1043 21.9912 18.3643 14.8463 19.3917 26.2262 19.4802 21.2574 28.0577 38.1039 37.656 23.8445 32.3871 33.3183 31.9509 27.8999 25.5983 61.3554 53.5782 49.7122 51.6136 57.5688 46.6513 48.8827 63.5809 52.6047 45.8498 49.7577 19.5199 123.516 26.3508 49.4219 192.36 55.6994 37.1632 40.1044 34.571 38.1658 113.504 97.8415 64.2792
18.2942 20.4503 42.1658 38.9586 38.9445 31.2699 23.9281 22.8675 29.6754 29.318 24.9886 24.6705 24.2154 23.27 21.4539 18.9125 14.7004 14.8669 13.787 15.9457 12.6037 10.1818 13.0042 9.99687 20.256 14.2622 7.10084 18.1328 21.6543 12.8953 23.6297 19.2066 19.6695 15.1839 15.6231 26.9669 17.5103 19.869 31.9844 42.7166 27.5989 21.3127 31.6772 32.7724 29.7112 26.2814 42.5333 47.4791 53.5813 51.6174 54.8977 47.547 44.3595 46.7375 58.3663 41.4999 77.4365 9.9158 113.828 32.7561 24.5917 73.936 185.326 37.7656 40.5922 30.7224 27.5309 76.2557 121.088 76.9873 40.1177
34.4518 41.9259 50.099 34.5831 30.5649 25.7679 31.0763 31.1788 25.6369 24.7933 29.6887 29.5772 28.9885 28.8809 27.5429 28.1014 30.0449 29.0578 23.3793 7.4916 8.90665 11.0655 7.89648 12.8052 13.326 15.7459 12.8813 10.0179 14.7523 20.0602 21.741 19.3074 19.9663 15.6278 15.6232 25.4883 15.4417 18.6866 43.2724 30.2477 27.1086 19.6369 29.1195 33.0471 28.234 29.4737 38.0732 55.6617 52.2215 53.6448 45.225 40.9555 42.5611 56.2646 43.1092 47.1771 61.7222 89.5953 36.7737 29.1048 18.1239 154.63 109.041 36.4911 34.196 33.0643 17.4017 148.008 97.0317 32.3033 40.2677
