tags/0.1/data/area_dinf_2m.txt
ncols         197
nrows         200
xllcorner     183434
yllcorner     584651
cellsize      2
NODATA_value  -9999
[rows 124 to 154 of 200, columns 71 to 141 of 197]
-9999 -9999 -9999 -9999 -9999 -9999 -9999 -9999 62.1173 69.7923 79.6183 68.5689 79.9536 72.2622 78.5918 75.8229 77.0556 75.0672 78.0941 67.2219 69.3103 63.5719 50.6326 46.5173 41.1952 39.6384 33.4732 37.4185 34.4116 35.335 46.634 50.4363 44.8374 43.6575 39.1869 34.7725 35.2129 35.3882 39.7873 44.8925 36.3984 35.9367 38.1687 37.9875 34.5167 30.4869 26.4346 21.4254 27.4192 31.8188 30.0756 27.5487 19.3727 26.1328 23.0721 22.3752 19.8289 33.8651 25.5708 29.43 12.8763 30.8676 28.2917 26.5117 21.9398 19.9562 24.3194 34.1077 31.5857 25.2647 18.4937
-9999 -9999 -9999 -9999 -9999 -9999 -9999 -9999 86.4218 80.5405 77.0529 84.1525 74.1877 88.4562 73.0188 61.7492 74.7696 66.4884 58.4403 67.2221 68.2952 64.0308 55.1644 67.0569 57.3101 54.543 63.7479 58.1361 60.1066 67.3432 60.7841 51.677 47.1729 44.0242 43.1074 44.5765 43.9344 42.2768 38.0476 36.0183 33.9992 34.4706 30.0328 29.8802 28.8848 30.0441 34.3794 33.2898 25.6395 19.1859 29.3774 32.0685 26.2391 24.0049 24.9109 20.4675 20.1029 28.894 28.6488 21.9418 25.2289 22.8562 25.3657 29.4758 19.8209 20.3728 23.7764 33.3754 32.0262 20.6334 16.9209
-9999 -9999 -9999 -9999 -9999 -9999 -9999 -9999 -9999 -9999 87.7254 84.9387 91.1003 71.7395 69.9637 71.3565 53.7169 59.8469 61.3211 61.5668 52.3862 52.3199 69.9055 59.0331 73.2936 69.5997 58.5091 66.2674 66.0729 54.9335 46.8482 43.8918 45.5461 41.8856 40.0021 40.9308 39.5673 38.9673 37.1502 33.7013 35.7371 33.2348 32.9615 28.5833 29.8827 26.7622 25.2763 29.11 26.5245 25.3417 21.0189 24.2354 32.2827 26.2077 23.6347 23.4519 23.3976 23.195 23.5778 24.7256 29.5274 18.0973 24.7994 29.3888 20.2017 19.6222 22.2794 35.2438 28.5336 18.2762 15.1967
-9999 -9999 -9999 -9999 -9999 -9999 -9999 -9999 -9999 -9999 -9999 85.8581 69.7401 72.7696 69.8983 63.3243 69.3076 60.4854 74.6709 72.4268 80.8323 86.1435 64.2143 69.3837 58.2909 68.4393 62.4857 46.0321 50.1891 49.875 47.6811 46.6759 42.8575 40.0221 37.3227 33.4104 36.6492 35.6832 36.4142 38.6592 35.3579 34.4692 33.8041 36.127 27.7628 27.1366 25.9488 23.9337 31.7935 27.1815 22.4293 21.7571 22.1746 34.1115 22.5151 26.1109 23.0069 20.3034 25.2031 23.0862 22.9267 25.9384 20.6278 27.6194 23.6409 19.0196 24.559 24.1859 31.3119 17.3917 14.1615
-9999 -9999 -9999 -9999 -9999 -9999 -9999 -9999 -9999 -9999 -9999 75.6193 77.0541 68.4288 72.2631 77.7742 76.4885 88.3273 71.9997 65.0776 58.8126 47.248 58.3124 55.9741 48.4288 34.9183 47.7185 70.8216 53.3168 45.1814 39.3534 39.5422 41.1144 45.3873 43.2701 40.2537 34.5789 32.5791 37.7768 33.0069 32.1145 30.8425 32.1647 30.3712 34.4905 27.1923 24.8177 24.5653 19.2005 26.2092 28.0912 21.2075 20.4921 21.2774 35.1265 23.0158 23.6628 21.7317 23.3025 22.1851 21.6698 22.9645 21.5548 29.2474 20.1609 23.488 20.5172 23.7437 25.3415 19.8462 14.5764
-9999 -9999 -9999 -9999 -9999 -9999 -9999 -9999 -9999 -9999 -9999 97.0297 91.3687 104.369 95.5217 95.1112 86.8273 79.5116 65.8027 64.9565 58.5084 62.4941 54.5114 51.4266 54.4764 70.7769 61.9771 42.6432 48.0589 51.4686 59.0859 51.467 47.3395 40.2061 41.0201 46.4084 42.8444 52.326 43.1283 41.7147 37.9743 39.3913 34.2262 33.6486 33.2622 37.842 30.5766 24.7975 26.8105 26.8109 26.2804 29.7101 20.0138 19.5916 23.4171 31.1493 21.0409 28.5309 16.5336 23.3239 23.0655 21.013 21.6305 21.8014 26.8833 21.4113 19.7276 22.2279 19.8265 23.2531 17.9635
-9999 -9999 -9999 -9999 -9999 -9999 -9999 -9999 -9999 -9999 -9999 97.8017 98.0914 76.791 73.5547 70.547 74.6184 58.2442 80.1051 66.0433 64.2493 59.6061 61.1051 58.9699 82.7517 58.1216 57.2737 49.627 48.1088 47.5521 41.5706 51.2764 49.1851 50.0965 50.0628 43.9792 54.2425 35.2889 33.9707 34.1543 36.4879 32.4643 36.128 33.8082 31.0195 29.7439 34.578 31.6901 30.3066 25.202 25.4401 21.4536 29.3522 23.5088 20.1179 22.6333 32.2752 18.1033 29.2423 16.4567 23.3272 22.3142 17.371 21.4178 23.8686 24.0132 19.9587 20.5795 18.8579 22.4168 23.2882
-9999 -9999 -9999 -9999 -9999 -9999 -9999 -9999 -9999 -9999 -9999 78.0937 80.2399 84.0099 77.4098 71.4771 63.1456 80.665 60.3766 74.5448 65.0563 64.8286 62.708 67.9769 41.2627 55.5482 56.4228 59.6804 49.3138 46.7411 52.9081 49.189 50.0601 58.6629 56.3978 59.9208 43.8836 45.3089 42.6271 41.4836 39.2545 40.2837 34.2994 35.4199 35.4433 34.5225 28.3064 36.6975 29.4485 29.5428 25.3559 28.2369 23.2017 22.6594 23.3066 21.0882 23.12 31.1367 17.6762 26.9434 21.8259 18.1112 19.7617 17.1255 22.9463 24.0358 20.1168 20.1014 18.3352 21.5998 28.8958
-9999 -9999 -9999 -9999 -9999 -9999 -9999 -9999 -9999 -9999 -9999 -9999 67.7312 66.5216 67.7516 62.8005 71.768 58.7555 61.8226 52.097 67.3045 57.5027 56.5607 48.6073 50.0033 62.7566 57.9824 64.3066 65.4596 69.035 59.6845 56.0359 60.9562 44.3799 49.1584 40.1435 39.9174 39.9641 47.4807 48.2185 45.9365 41.2589 41.4311 37.981 38.9167 35.3783 44.1152 31.0392 34.6745 27.4977 29.9629 26.8949 27.3624 27.2438 19.4086 22.5583 19.8095 23.8869 27.8992 24.5791 21.9048 18.784 16.7199 17.0784 19.761 24.7247 20.4053 19.4591 20.0335 19.5999 27.8774
-9999 -9999 -9999 -9999 -9999 -9999 -9999 -9999 -9999 -9999 -9999 -9999 -9999 55.0773 74.038 89.9706 72.901 62.2173 65.6059 67.8871 62.8334 74.7129 62.343 63.9645 83.0499 50.7116 48.4566 34.603 46.5603 39.3943 51.5588 50.747 40.9049 49.9044 36.0003 33.4843 34.1977 52.2771 47.0132 42.2147 40.897 39.7537 38.8959 37.5435 32.428 38.1602 32.0163 37.5997 28.4176 35.1566 29.577 28.2793 27.2615 27.8213 32.9434 15.1719 25.4183 18.0088 28.0476 23.7852 26.0291 17.5833 17.3562 16.1758 16.623 20.9207 22.5156 22.6797 16.7622 19.9947 26.2401
-9999 -9999 -9999 -9999 -9999 -9999 -9999 -9999 -9999 -9999 -9999 -9999 -9999 -9999 77.4237 56.2564 74.9893 83.2227 70.471 68.1192 65.1979 56.6886 79.7839 72.248 48.5225 68.0298 54.2596 59.409 74.8969 66.9384 51.0831 50.4187 52.1598 44.9938 46.6934 51.9511 64.973 49.0863 43.541 41.9989 40.3212 39.6599 37.8528 36.428 39.4128 32.9652 33.8696 31.2363 40.2598 32.5552 32.2119 28.6919 27.4006 25.9158 23.2436 41.4573 10.186 23.2191 23.9603 27.084 26.6226 23.6578 14.4761 16.4027 15.6909 16.6247 24.6325 19.0975 20.0133 19.7804 23.7256
-9999 -9999 -9999 -9999 -9999 -9999 -9999 -9999 -9999 -9999 -9999 -9999 -9999 -9999 -9999 77.4715 52.6839 62.7173 60.6308 62.1875 61.4207 64.4281 44.3962 50.8633 51.5568 33.6697 64.019 77.2916 45.6586 85.4957 93.4703 80.6083 77.493 80.8846 87.7475 80.7372 61.0019 47.8859 45.6994 44.2306 42.2405 40.7229 39.9027 40.3067 39.0234 38.3476 35.0295 36.7074 32.437 35.7997 34.2904 35.4944 30.2754 27.5985 30.0607 15.2721 41.9655 18.5847 15.7933 23.5345 29.734 23.0074 22.6929 12.2632 15.7017 17.5321 19.4772 20.1842 19.6826 19.1501 22.1673
-9999 -9999 -9999 -9999 -9999 -9999 -9999 -9999 -9999 -9999 -9999 -9999 -9999 -9999 -9999 64.3433 67.9883 43.402 62.6822 56.7503 56.0965 49.7951 64.5214 61.2086 62.172 79.1019 65.0719 58.7839 93.5953 60.9623 50.9931 56.9992 48.746 40.1593 35.1707 31.0475 41.9758 44.8992 40.3783 39.1823 37.703 39.8027 40.8588 39.9999 36.0111 37.1345 37.513 35.6592 32.4923 32.2597 33.8526 31.5404 34.5509 30.4036 24.8748 31.7981 15.3857 30.3388 19.9117 14.2156 21.9936 33.4973 19.2894 18.4536 12.9686 15.101 20.9172 15.7812 21.217 17.6336 21.8563
-9999 -9999 -9999 -9999 -9999 -9999 -9999 -9999 -9999 -9999 -9999 -9999 -9999 -9999 -9999 -9999 68.014 80.233 62.9422 67.4704 64.1957 82.3555 71.6204 76.5039 84.2491 77.9479 82.7896 90.1788 59.8897 55.1069 55.8471 57.6783 60.9637 54.2481 47.0779 47.3617 36.0391 37.167 46.947 43.5635 44.8342 42.802 37.7459 33.5789 32.8508 28.8913 29.217 29.2967 30.01 30.069 30.8742 34.721 31.3834 35.0436 32.0918 27.0691 32.7002 18.6279 23.0214 20.5825 15.3211 21.1771 31.9561 20.0135 14.7293 12.6945 17.2753 17.9448 19.4441 16.7181 21.5914
-9999 -9999 -9999 -9999 -9999 -9999 -9999 -9999 -9999 -9999 -9999 -9999 -9999 -9999 -9999 -9999 -9999 71.8196 79.9731 83.6907 90.6678 73.9416 82.9644 79.2419 71.6629 111.83 93.594 63.3772 58.2286 57.0833 52.3049 44.5288 41.9323 59.8286 60.6953 69.5994 72.2392 72.319 53.7632 50.5577 47.5837 45.9902 44.4062 43.4321 39.0359 36.4776 32.1739 31.8257 35.1365 34.326 32.4674 30.1781 35.4564 33.4299 36.7347 32.601 25.8732 31.5769 28.7858 22.4798 19.1797 14.8678 20.6831 30.2453 19.3988 11.9053 16.4857 15.2383 15.6735 19.6775 18.9361
-9999 -9999 -9999 -9999 -9999 -9999 -9999 -9999 -9999 -9999 -9999 -9999 -9999 -9999 -9999 -9999 -9999 -9999 89.1967 79.1527 80.4629 94.6422 78.9345 75.1955 96.5407 37.4872 38.362 61.5685 60.8393 60.6796 54.0704 65.2607 81.1302 80.4493 78.5463 61.9375 45.7114 42.6433 45.419 64.0927 60.1921 45.268 47.8765 47.649 43.0076 42.1538 39.3587 37.3778 38.575 31.8874 30.4775 28.3561 26.1809 30.1237 27.9364 35.1469 37.1766 37.5246 33.288 29.9624 20.9818 18.4046 15.0243 18.8099 29.008 18.2008 14.0176 14.3575 14.6106 16.4579 20.42
-9999 -9999 -9999 -9999 -9999 -9999 -9999 -9999 -9999 -9999 -9999 -9999 -9999 -9999 -9999 -9999 -9999 -9999 -9999 92.9165 81.717 63.5402 75.1841 87.5182 51.6127 60.4481 76.5446 57.9657 56.879 46.0547 74.9784 75.2188 57.9984 42.0648 35.9739 53.0498 57.0304 50.8907 68.2837 48.1303 46.8384 53.2885 44.6633 43.7248 46.7626 44.1833 44.575 41.7114 30.511 34.8193 32.3318 32.8618 29.5439 25.5991 28.3665 27.7684 28.9561 28.9324 32.0463 34.4703 37.9998 25.0944 16.7854 13.0244 17.6949 28.7745 15.7444 14.7811 11.3902 19.826 7.40704
-9999 -9999 -9999 -9999 -9999 -9999 -9999 -9999 -9999 -9999 -9999 -9999 -9999 -9999 -9999 -9999 -9999 -9999 -9999 74.4035 79.0385 79.0588 85.0541 59.8465 73.5346 80.3061 65.3122 71.0603 66.1679 90.1169 55.9629 39.0983 42.2098 39.7102 45.9979 29.1036 33.3356 51.9491 37.1846 37.0772 37.1791 40.7162 40.3169 35.4829 36.426 36.3768 35.084 31.0404 32.1481 29.1347 31.6977 30.7407 30.312 29.0837 27.8378 25.0954 27.3656 29.6663 26.9085 30.8463 31.3088 38.3043 29.9249 17.2647 12.6186 17.4371 25.0324 16.0805 15.1538 7.84659 20.0677
-9999 -9999 -9999 -9999 -9999 -9999 -9999 -9999 -9999 -9999 -9999 -9999 -9999 -9999 -9999 -9999 -9999 -9999 -9999 89.4935 83.8754 95.6002 67.9128 85.6422 73.5785 67.111 62.4595 53.9362 67.7301 47.9422 65.3456 59.1625 57.6 66.3037 62.0377 65.2301 69.4426 54.0326 45.4041 44.445 43.5258 38.1162 44.4874 46.0885 42.0989 40.0498 34.4623 34.5698 35.4654 35.3476 33.2281 28.9693 30.3324 30.3878 27.3517 28.9518 29.8237 21.0653 29.1165 27.2039 27.7605 28.7753 35.0463 35.953 15.0286 12.1396 20.396 20.0892 12.2172 16.261 14.1137
-9999 -9999 -9999 -9999 -9999 -9999 -9999 -9999 -9999 -9999 -9999 -9999 -9999 -9999 -9999 -9999 -9999 -9999 -9999 89.5592 84.9195 63.8991 81.3274 65.9252 79.8887 69.5117 70.0042 81.9664 75.5611 81.4606 73.7717 96.8423 79.9631 74.7478 76.8682 69.7099 60.3019 58.5466 64.0841 50.1483 46.4618 46.0938 36.0401 31.5958 29.4581 27.1783 28.7658 27.9357 31.1356 33.2307 29.3302 30.33 26.6919 23.9684 26.3124 24.467 18.8084 30.3804 22.9377 24.0522 25.2614 26.3934 32.2368 31.1112 36.6798 14.5866 14.7237 15.8889 18.8375 13.2399 15.3586
-9999 -9999 -9999 -9999 -9999 -9999 -9999 -9999 -9999 -9999 -9999 -9999 -9999 -9999 -9999 -9999 -9999 -9999 -9999 -9999 94.779 98.4382 82.508 85.7188 72.9116 93.7994 109.747 96.2936 89.3402 80.3055 69.9044 59.6208 78.9408 62.6703 47.6507 48.5251 50.5399 46.6781 42.3172 46.7991 45.8105 42.9933 45.4939 46.3711 45.5207 43.8497 41.8498 43.4887 42.1838 36.3095 36.3296 34.6932 31.785 34.1147 28.6864 23.7901 30.7667 25.5021 27.2744 24.6051 25.0881 25.8607 18.929 29.2267 34.6012 45.9221 19.8053 15.2877 12.8361 19.6814 10.4846
-9999 -9999 -9999 -9999 -9999 -9999 -9999 -9999 -9999 -9999 -9999 -9999 -9999 -9999 -9999 -9999 -9999 -9999 -9999 -9999 91.2317 97.5424 102.316 105.538 106.719 96.3806 81.481 80.3785 66.2226 60.3702 73.6492 53.0754 37.2545 51.8565 58.2164 59.1157 59.4858 53.1075 45.931 46.2127 44.7048 44.4915 42.1399 38.614 36.6886 38.0779 40.8469 39.3334 31.4384 32.2146 30.3348 29.1561 30.8321 25.297 28.2894 33.327 27.3774 22.6946 21.2305 22.7419 20.6243 19.3721 26.2225 22.1492 25.8087 24.9143 38.2048 24.1169 16.3176 13.9452 18.4244
-9999 -9999 -9999 -9999 -9999 -9999 -9999 -9999 -9999 -9999 -9999 -9999 -9999 -9999 -9999 -9999 -9999 -9999 -9999 -9999 112.015 104.765 100.937 90.162 89.4038 71.4786 57.1733 55.6775 67.4952 71.6631 50.7953 65.8988 61.3383 54.2366 51.8033 44.8266 39.0327 41.0237 46.9668 70.7094 69.5005 64.6448 58.1784 55.014 51.4324 46.2976 46.2272 40.1018 42.6123 38.282 36.1617 36.2193 34.2193 35.4268 31.2292 24.9287 23.2779 24.5463 23.5088 22.3902 22.0363 22.0912 18.052 18.3188 19.1609 20.7054 28.208 38.3407 24.2186 17.0829 14.7768
-9999 -9999 -9999 -9999 -9999 -9999 -9999 -9999 -9999 -9999 -9999 -9999 -9999 -9999 -9999 -9999 -9999 -9999 -9999 -9999 -9999 87.4714 77.2251 69.1325 57.5132 59.4509 58.8589 52.3515 54.8098 51.3484 59.4342 57.4663 68.2117 54.7114 54.8961 56.6667 53.3818 55.2998 73.4311 50.4612 43.8005 40.5378 42.7271 39.3833 41.2346 50.3467 43.4886 50.3695 35.119 35.2715 33.9699 30.9077 28.9078 26.69 26.6342 26.2586 24.0922 23.6054 23.8143 21.6902 20.711 18.9391 19.0494 18.6485 16.1863 18.4784 17.31 21.9123 35.3141 22.4193 17.907
-9999 -9999 -9999 -9999 -9999 -9999 -9999 -9999 -9999 -9999 -9999 -9999 -9999 -9999 -9999 -9999 -9999 -9999 -9999 -9999 -9999 -9999 71.2437 69.2286 65.5944 64.8465 70.8345 77.511 70.0921 69.3443 77.1962 69.6263 65.0068 86.1949 74.8878 78.8997 92.8977 82.3886 52.3143 46.3478 49.6756 54.0469 57.0731 61.5159 55.2064 45.7504 48.6484 37.9782 44.7181 32.1685 32.2147 29.2193 28.0121 26.4936 24.9748 25.6511 27.4179 26.8328 22.831 21.2278 20.5071 20.4093 18.3871 15.8503 17.302 16.3272 13.4906 12.9273 17.2776 34.1049 22.2359
-9999 -9999 -9999 -9999 -9999 -9999 -9999 -9999 -9999 -9999 -9999 -9999 -9999 -9999 -9999 -9999 -9999 -9999 -9999 -9999 -9999 -9999 78.4674 77.7307 80.2171 84.8445 83.1312 80.0732 73.0427 82.524 73.3546 72.1035 65.6711 53.9259 65.9344 52.1439 37.7124 48.2479 53.4428 57.2211 56.2945 56.3626 50.8371 52.1332 58.4633 52.5527 47.7587 49.6548 48.74 50.5399 34.0992 36.1609 33.4994 31.5634 31.9504 34.3229 32.3978 29.3202 29.7743 28.299 25.0905 22.3408 23.4477 23.2469 18.337 15.8235 18.845 13.8218 12.2109 12.8926 34.1672
-9999 -9999 -9999 -9999 -9999 -9999 -9999 -9999 -9999 -9999 -9999 -9999 -9999 -9999 -9999 -9999 -9999 -9999 -9999 -9999 -9999 -9999 -9999 96.7459 99.1183 85.835 80.9849 71.3936 81.0848 68.7151 65.1216 67.3325 65.8695 60.9345 47.3743 59.9758 61.3555 54.8282 59.6612 48.7949 48.2723 44.2262 43.6147 36.7727 31.7189 43.1244 40.124 35.1138 32.3232 34.2537 43.9498 42.7313 44.3037 43.6244 40.9837 34.6112 29.532 29.263 26.2031 26.4535 24.5208 22.4104 19.1612 20.3727 22.5494 21.7487 14.2825 18.405 15.2396 12.613 9.88085
-9999 -9999 -9999 -9999 -9999 -9999 -9999 -9999 -9999 -9999 -9999 -9999 -9999 -9999 -9999 -9999 -9999 -9999 -9999 -9999 -9999 -9999 -9999 87.4569 75.6636 75.5142 74.7445 82.1211 67.6511 66.3177 60.5995 50.2597 46.1945 39.5774 49.7448 46.4397 39.0398 37.3742 30.1696 44.8997 35.6918 41.1035 39.1964 40.4342 37.0369 23.5109 21.0789 20.8735 20.5908 18.7716 42.5053 38.3768 34.3365 34.3874 30.6412 30.4639 31.4681 29.4385 30.7219 25.4744 27.4281 26.3516 23.8616 16.6404 15.4569 17.2414 21.2789 16.7854 17.2012 14.4834 12.7174
-9999 -9999 -9999 -9999 -9999 -9999 -9999 -9999 -9999 -9999 -9999 -9999 -9999 -9999 -9999 -9999 -9999 -9999 -9999 -9999 -9999 -9999 -9999 -9999 66.4849 69.5782 62.976 53.4255 57.0258 45.2199 42.0263 41.5022 44.058 55.176 52.3953 48.306 57.4041 56.6306 45.8073 30.2414 45.2743 32.1093 28.9949 21.1826 19.5212 19.8365 17.1192 13.6299 11.3332 68.5503 45.5288 43.6067 45.0259 44.8042 46.9071 43.0843 40.4211 36.1887 31.9015 34.357 27.3597 27.6294 26.0404 28.1744 23.3155 17.1294 17.0498 17.9455 14.5393 14.7327 14.2644
-9999 -9999 -9999 -9999 -9999 -9999 -9999 -9999 -9999 -9999 -9999 -9999 -9999 -9999 -9999 -9999 -9999 -9999 -9999 -9999 -9999 -9999 -9999 -9999 -9999 54.408 51.4001 51.2053 44.5373 50.97 51.0534 59.4364 59.9334 60.7635 64.4619 49.5904 33.3202 28.0565 43.9043 49.3102 36.5012 40.7826 37.0676 39.6259 39.208 38.1211 38.8672 38.4701 106.116 48.1973 46.2088 47.1102 42.5534 37.8422 34.6338 33.2565 31.9198 32.8232 31.5094 28.5645 32.1328 28.9029 26.9987 24.4826 23.0196 25.3119 20.6877 16.7096 18.2662 15.6525 11.9934
-9999 -9999 -9999 -9999 -9999 -9999 -9999 -9999 -9999 -9999 -9999 -9999 -9999 -9999 -9999 -9999 -9999 -9999 -9999 -9999 -9999 -9999 -9999 -9999 -9999 54.3056 62.4209 57.9163 62.5574 62.652 71.5976 67.8837 72.373 60.1609 53.1999 74.048 72.9778 73.7843 67.501 69.7152 68.3524 73.1164 80.3305 94.6187 109.213 113.068 123.865 147.142 45.0504 45.333 42.0164 38.2397 37.7795 35.0891 31.9939 31.7304 29.7305 28.2311 27.8322 26.3925 22.689 23.1091 25.3854 24.8925 24.895 21.5295 22.0339 21.3637 15.8012 15.9879 14.7703
