tags/0.1/data/area_dinf_2m.txt
ncols         197
nrows         200
xllcorner     183434
yllcorner     584651
cellsize      2
NODATA_value  -9999
[rows 31 to 61 of 200, columns 71 to 141 of 197]
47.8483 33.4644 40.5312 27.2301 29.7633 48.5094 21.1531 16.5844 28.149 31.3746 29.209 28.0025 32.7509 28.4719 13.8098 54.4805 30.3465 37.0017 47.2721 29.4122 21.9188 55.6161 13.0312 69.9155 26.425 57.5863 41.0994 54.9784 16.298 63.6217 43.693 44.7093 68.2046 24.1816 43.6597 -9999 -9999 -9999 -9999 -9999 -9999 -9999 -9999 -9999 -9999 -9999 -9999 -9999 -9999 -9999 -9999 -9999 -9999 -9999 -9999 -9999 -9999 -9999 -9999 -9999 -9999 -9999 -9999 -9999 -9999 -9999 -9999 -9999 -9999 -9999 -9999
52.5333 36.8099 23.5153 34.9006 29.4035 31.4299 32.5924 19.3355 36.3079 25.9454 25.2229 36.7099 24.5096 24.3209 43.8537 28.4406 31.8806 45.4386 30.0452 25.5503 56.8388 13.5765 60.0376 24.7672 59.2354 38.7201 50.7294 16.3094 61.6218 40.7813 58.0345 65.0949 20.7015 40.0823 71.3343 -9999 -9999 -9999 -9999 -9999 -9999 -9999 -9999 -9999 -9999 -9999 -9999 -9999 -9999 -9999 -9999 -9999 -9999 -9999 -9999 -9999 -9999 -9999 -9999 -9999 -9999 -9999 -9999 -9999 -9999 -9999 -9999 -9999 -9999 -9999 -9999
54.595 26.7703 27.9701 34.4854 27.5726 36.4094 23.4438 29.6789 33.2738 22.395 33.3278 23.8429 29.6792 39.9002 23.7572 32.0513 41.2812 25.1215 36.8606 44.3026 22.5044 49.2129 24.4274 59.7812 36.9458 47.3177 15.8046 61.3859 39.7387 55.8375 47.7698 24.6602 36.2856 74.9736 42.8255 67.4448 -9999 -9999 -9999 -9999 -9999 -9999 -9999 -9999 -9999 -9999 -9999 -9999 -9999 -9999 -9999 -9999 -9999 -9999 -9999 -9999 -9999 -9999 -9999 -9999 -9999 -9999 -9999 -9999 -9999 -9999 -9999 -9999 -9999 -9999 -9999
46.8733 31.7001 23.255 35.2007 27.9987 34.109 23.8973 27.4615 37.6719 24.9417 26.9747 23.0658 36.4694 32.3091 28.7159 36.0654 25.2289 37.5675 32.1021 36.8233 36.1596 33.4808 56.7043 30.8571 46.1006 17.3328 58.5838 39.3954 52.5344 46.1154 26.3277 27.1547 76.4137 37.1527 71.2279 72.9257 -9999 -9999 -9999 -9999 -9999 -9999 -9999 -9999 -9999 -9999 -9999 -9999 -9999 -9999 -9999 -9999 -9999 -9999 -9999 -9999 -9999 -9999 -9999 -9999 -9999 -9999 -9999 -9999 -9999 -9999 -9999 -9999 -9999 -9999 -9999
32.5214 41.3732 24.4246 34.488 27.3571 33.9974 24.8265 27.1475 28.2657 37.5999 17.1004 34.9116 26.2115 28.6532 39.942 21.9719 34.7716 36.8412 31.8238 33.7472 31.0777 52.5839 27.3692 45.3894 25.1613 60.2003 37.2637 50.6661 44.8754 30.2504 30.1868 71.5624 42.236 75.0312 77.6788 107.791 51.0094 -9999 -9999 -9999 -9999 -9999 -9999 -9999 -9999 -9999 -9999 -9999 -9999 -9999 -9999 -9999 -9999 -9999 -9999 -9999 -9999 -9999 -9999 -9999 -9999 -9999 -9999 -9999 -9999 -9999 -9999 -9999 -9999 -9999 -9999
30.3149 28.9661 35.1616 34.089 30.456 28.841 24.545 27.1962 30.5171 27.4854 31.7294 24.2489 26.6064 31.4507 33.5782 29.5582 31.2949 32.6905 35.2272 31.0103 24.7059 55.457 43.3894 23.1613 58.2003 27.6345 52.6788 42.8754 34.7743 33.6139 65.7738 44.1776 65.9479 84.5006 93.0569 46.5943 52.3861 92.1481 -9999 -9999 -9999 -9999 -9999 -9999 -9999 -9999 -9999 -9999 -9999 -9999 -9999 -9999 -9999 -9999 -9999 -9999 -9999 -9999 -9999 -9999 -9999 -9999 -9999 -9999 -9999 -9999 -9999 -9999 -9999 -9999 -9999
22.9144 32.043 30.0633 38.229 32.4137 27.5372 23.6974 26.823 29.6072 27.3391 28.9226 24.5414 26.388 35.5937 28.5276 27.066 33.8211 35.6342 32.3761 17.9618 57.8788 30.169 36.8511 56.2004 26.7764 50.6788 44.3973 39.0503 33.4041 52.7655 39.1522 62.7631 91.619 78.9703 44.9307 47.304 90.0807 84.0973 -9999 -9999 -9999 -9999 -9999 -9999 -9999 -9999 -9999 -9999 -9999 -9999 -9999 -9999 -9999 -9999 -9999 -9999 -9999 -9999 -9999 -9999 -9999 -9999 -9999 -9999 -9999 -9999 -9999 -9999 -9999 -9999 -9999
23.3392 23.8552 34.0932 36.5283 36.0398 24.7787 21.5098 27.9414 26.654 32.3697 23.49 20.3617 33.8403 32.7737 25.295 30.4442 39.5536 31.1463 19.1348 46.4854 35.9788 33.6669 44.0567 34.676 45.1085 48.7547 33.5284 32.2316 41.6913 38.1519 58.8775 90.8534 72.3608 38.4257 45.694 92.9621 77.6581 57.0591 72.8513 -9999 -9999 -9999 -9999 -9999 -9999 -9999 -9999 -9999 -9999 -9999 -9999 -9999 -9999 -9999 -9999 -9999 -9999 -9999 -9999 -9999 -9999 -9999 -9999 -9999 -9999 -9999 -9999 -9999 -9999 -9999 -9999
25.4377 22.7113 37.47 29.2796 26.0072 29.827 26.0355 24.9764 32.0637 26.0781 20.1413 24.0467 42.8026 26.2842 24.4687 37.6106 21.6495 31.9055 36.7789 34.5402 32.8029 37.1922 32.3744 52.5092 48.981 34.5582 35.5278 35.0874 36.8237 62.9573 88.8534 68.1729 38.3872 60.0304 91.5259 69.4342 58.114 77.3236 80.0266 -9999 -9999 -9999 -9999 -9999 -9999 -9999 -9999 -9999 -9999 -9999 -9999 -9999 -9999 -9999 -9999 -9999 -9999 -9999 -9999 -9999 -9999 -9999 -9999 -9999 -9999 -9999 -9999 -9999 -9999 -9999 -9999
25.9415 28.1458 29.6469 27.5039 22.3226 27.6761 30.4872 25.3133 31.1294 23.148 21.0448 37.2774 26.5626 25.6766 37.8783 18.3938 24.6944 35.5419 36.9978 34.828 30.659 37.8471 47.5829 50.179 38.8069 30.498 29.3687 38.6849 61.2957 79.4326 72.2118 38.968 64.4744 74.0243 73.0155 56.114 72.2687 70.5291 53.688 47.6656 -9999 -9999 -9999 -9999 -9999 -9999 -9999 -9999 -9999 -9999 -9999 -9999 -9999 -9999 -9999 -9999 -9999 -9999 -9999 -9999 -9999 -9999 -9999 -9999 -9999 -9999 -9999 -9999 -9999 -9999 -9999
28.0674 22.0199 31.5731 23.2276 21.3074 23.0414 31.7891 26.4217 33.9399 19.2757 32.8521 24.2667 25.8981 28.7322 27.3779 19.1641 33.731 35.906 29.5339 36.7663 34.6743 43.2891 41.0927 51.3378 18.48 31.1379 38.7156 46.9303 78.6935 73.9453 31.4722 68.7469 60.6193 70.1807 40.6222 73.145 72.2731 38.4666 55.9719 115.172 56.6516 -9999 -9999 -9999 -9999 -9999 -9999 -9999 -9999 -9999 -9999 -9999 -9999 -9999 -9999 -9999 -9999 -9999 -9999 -9999 -9999 -9999 -9999 -9999 -9999 -9999 -9999 -9999 -9999 -9999 -9999
26.0675 22.8154 26.7776 23.1347 17.451 27.5787 24.5028 31.7119 35.2458 21.3213 27.0232 21.1238 28.0832 23.0404 26.6523 31.0102 33.5051 24.3168 34.3566 29.0274 49.4506 29.5881 63.501 16.1754 29.4424 38.8361 45.9165 77.5459 71.9453 34.5106 70.5036 47.9628 65.9446 38.8171 47.2083 94.7415 43.5111 60.3781 101.063 66.7613 66.7839 63.8618 -9999 -9999 -9999 -9999 -9999 -9999 -9999 -9999 -9999 -9999 -9999 -9999 -9999 -9999 -9999 -9999 -9999 -9999 -9999 -9999 -9999 -9999 -9999 -9999 -9999 -9999 -9999 -9999 -9999
25.8193 19.5629 26.3865 21.1348 21.5441 22.2848 26.9432 31.1265 34.6181 20.2477 23.0647 25.4814 23.2842 22.873 27.9326 27.3226 33.9435 29.876 27.3646 45.976 25.5871 67.7358 17.4594 30.4922 39.7303 41.796 71.8073 69.953 39.101 63.4652 42.986 63.9446 38.8737 29.1213 109.205 47.5252 50.4711 79.0495 77.2614 60.8069 67.8082 78.0225 65.9981 -9999 -9999 -9999 -9999 -9999 -9999 -9999 -9999 -9999 -9999 -9999 -9999 -9999 -9999 -9999 -9999 -9999 -9999 -9999 -9999 -9999 -9999 -9999 -9999 -9999 -9999 -9999 -9999
21.8503 21.8778 25.5347 21.2584 18.3627 23.2273 25.0863 40.9854 21.4497 19.5245 31.4516 15.1954 26.1684 23.0306 25.5798 29.9545 28.0543 33.3548 38.037 26.3211 65.6046 16.8171 33.6809 31.8491 35.7545 73.7861 61.869 41.4691 52.4038 41.3279 59.3924 40.2319 25.2661 102.103 50.2505 39.5712 75.0256 75.0652 45.7694 83.9518 71.8607 66.0124 136.882 92.8981 -9999 -9999 -9999 -9999 -9999 -9999 -9999 -9999 -9999 -9999 -9999 -9999 -9999 -9999 -9999 -9999 -9999 -9999 -9999 -9999 -9999 -9999 -9999 -9999 -9999 -9999 -9999
17.8742 23.7104 26.0379 18.659 17.2496 22.1274 31.6834 35.3021 16.525 22.1038 25.9339 24.4487 17.776 22.7818 28.9621 26.6071 32.6435 26.5619 35.031 66.7829 7.94079 40.9668 26.9263 37.2314 64.5024 65.3085 38.9315 46.8927 40.0219 62.5912 38.232 28.9496 99.9018 46.8251 34.6259 74.915 66.8329 51.0302 79.2718 52.2129 85.7928 116.982 100.798 32.8728 -9999 -9999 -9999 -9999 -9999 -9999 -9999 -9999 -9999 -9999 -9999 -9999 -9999 -9999 -9999 -9999 -9999 -9999 -9999 -9999 -9999 -9999 -9999 -9999 -9999 -9999 -9999
16.5719 18.338 28.5984 18.5835 15.1065 27.3829 29.3486 28.9385 19.1312 23.6836 20.8661 22.5263 15.9073 28.6242 25.022 31.2076 27.0333 23.3614 68.6963 17.7009 30.6756 33.2176 34.0823 58.9037 59.8239 44.0662 44.2532 37.7695 60.6743 38.1386 35.4639 87.357 44.5615 37.7507 69.6152 53.2729 63.8899 72.7212 45.3361 85.2382 89.5245 122.586 36.4986 59.2844 65.2286 -9999 -9999 -9999 -9999 -9999 -9999 -9999 -9999 -9999 -9999 -9999 -9999 -9999 -9999 -9999 -9999 -9999 -9999 -9999 -9999 -9999 -9999 -9999 -9999 -9999 -9999
16.8355 15.7532 19.7118 24.0549 18.362 26.994 30.8305 22.2077 24.1207 19.8678 17.0099 17.9003 25.6732 22.073 29.4852 26.8303 23.5316 61.7678 17.642 28.074 31.7048 35.8002 52.7369 58.7447 44.8127 41.3154 36.4585 56.8817 43.3165 39.8583 72.1709 42.6763 37.9726 65.5441 44.7928 72.7762 66.2105 41.1459 80.3228 81.4302 126.07 26.905 74.2889 59.457 69.0126 59.3546 -9999 -9999 -9999 -9999 -9999 -9999 -9999 -9999 -9999 -9999 -9999 -9999 -9999 -9999 -9999 -9999 -9999 -9999 -9999 -9999 -9999 -9999 -9999 -9999 -9999
14.691 15.1393 22.01 17.7568 23.2638 30.3196 22.6674 19.3063 25.3819 17.3975 14.2115 20.9469 20.9646 30.3812 22.6394 28.1086 49.2545 20.8569 31.3734 20.998 43.6595 50.421 53.2366 45.8343 39.2681 32.7933 54.2704 44.9947 39.4505 58.6649 41.0018 38.66 61.7357 41.9787 71.6883 57.9199 44.2918 69.016 89.8005 117.268 31.5845 72.203 42.3108 82.9823 57.201 49.9818 57.3133 -9999 -9999 -9999 -9999 -9999 -9999 -9999 -9999 -9999 -9999 -9999 -9999 -9999 -9999 -9999 -9999 -9999 -9999 -9999 -9999 -9999 -9999 -9999 -9999
13.3607 14.8015 20.4064 16.7831 25.013 28.7082 20.8667 20.5341 18.4108 17.7295 13.6454 22.0622 24.7966 21.1282 37.271 33.9282 21.5319 37.7725 15.5728 38.4734 38.589 57.5657 54.1142 30.906 36.0361 55.4763 42.9947 37.4505 50.7656 41.0152 34.5227 61.7486 37.0597 73.6753 53.6361 38.5698 65.3266 98.4381 101.486 35.1299 62.8225 55.4656 71.521 58.8046 48.8125 53.4754 71.2189 48.845 -9999 -9999 -9999 -9999 -9999 -9999 -9999 -9999 -9999 -9999 -9999 -9999 -9999 -9999 -9999 -9999 -9999 -9999 -9999 -9999 -9999 -9999 -9999
14.043 11.763 19.4922 20.0712 21.147 24.2242 26.0943 16.2271 18.2361 10.7099 22.105 18.3572 22.1524 38.617 18.6437 30.6873 39.0047 9.72171 36.7013 30.8265 50.1577 66.2704 21.3712 44.4222 48.3393 36.5305 46.7426 39.5963 45.0474 27.838 63.9398 30.0628 76.2244 50.8105 39.5859 53.1612 85.3702 103.186 48.1771 56.132 53.4825 55.7428 75.1753 45.1558 51.1902 70.4525 42.9889 66.4391 -9999 -9999 -9999 -9999 -9999 -9999 -9999 -9999 -9999 -9999 -9999 -9999 -9999 -9999 -9999 -9999 -9999 -9999 -9999 -9999 -9999 -9999 -9999
20.9361 11.2978 21.9504 14.8461 21.0024 24.4237 21.6982 18.7885 11.6448 12.5477 22.66 18.5059 37.2787 16.9546 27.2953 23.8532 30.0412 32.5832 29.7538 49.3484 61.9563 12.7325 43.8292 46.5099 36.4673 46.2168 20.8333 59.9921 24.8861 61.6158 27.8012 77.4259 45.6914 41.0871 42.8756 67.611 118.877 46.2305 48.24 60.0511 47.8238 73.5867 43.4026 56.0559 67.8462 45.3498 63.0161 51.2524 43.3709 -9999 -9999 -9999 -9999 -9999 -9999 -9999 -9999 -9999 -9999 -9999 -9999 -9999 -9999 -9999 -9999 -9999 -9999 -9999 -9999 -9999 -9999
19.1834 13.4075 21.0088 12.6279 20.6717 22.9189 20.6776 15.0107 15.3539 15.2622 20.1103 34.3492 11.582 24.1784 22.4938 26.8096 30.5091 27.538 39.44 64.8032 19.625 39.1245 39.2548 37.9158 47.3535 25.1028 56.3393 13.2361 62.4184 34.0821 70.7253 40.507 45.3661 34.7609 58.2629 118.851 45.8883 51.7268 57.9483 35.6483 77.5431 44.6759 53.4754 64.9724 52.0226 56.2519 49.3588 38.5088 94.8739 48.407 -9999 -9999 -9999 -9999 -9999 -9999 -9999 -9999 -9999 -9999 -9999 -9999 -9999 -9999 -9999 -9999 -9999 -9999 -9999 -9999 -9999
15.3379 14.276 19.0089 12.061 18.3225 21.6662 24.2738 12.352 9.59167 16.0546 30.9442 16.4109 20.8828 17.9027 24.6779 32.178 23.89 26.2953 53.173 42.2681 32.2566 38.7347 33.0498 45.9072 32.2694 29.5906 37.5353 57.4606 26.5676 67.8608 43.9056 44.5331 27.7202 41.296 128.078 46.5509 49.311 55.2384 42.3431 58.392 52.242 57.963 57.7207 54.7444 53.5878 47.728 32.5365 89.4155 57.08 52.0589 61.1776 -9999 -9999 -9999 -9999 -9999 -9999 -9999 -9999 -9999 -9999 -9999 -9999 -9999 -9999 -9999 -9999 -9999 -9999 -9999 -9999
20.2875 12.1387 18.7727 10.2231 16.6216 24.318 22.5566 6.48185 12.1081 21.7823 20.1125 18.3014 17.605 22.5531 26.4602 27.7507 21.4514 25.316 67.6789 26.4329 42.324 23.8907 47.6238 30.9462 33.09 28.9469 46.3881 39.4642 62.2069 45.07 41.9584 22.3088 36.7562 122.346 49.5176 48.4702 54.0811 43.3545 45.8229 58.2881 45.3955 62.6956 63.2193 46.7045 47.5383 33.9067 80.6094 58.9652 41.7913 69.3914 68.6331 -9999 -9999 -9999 -9999 -9999 -9999 -9999 -9999 -9999 -9999 -9999 -9999 -9999 -9999 -9999 -9999 -9999 -9999 -9999 -9999
18.3376 13.6271 17.0157 9.60722 16.1834 26.8665 15.0806 6.94943 17.4537 19.1143 15.7021 16.767 17.4527 24.4443 25.9188 20.6757 27.5118 46.4362 36.9807 42.2163 24.5729 44.4199 26.0644 38.4796 21.4076 45.3317 34.0999 47.6696 58.6116 42.9026 21.3186 35.2177 112.971 50.6851 45.9065 51.7063 46.2136 35.5868 59.7871 45.3562 59.4278 58.5515 48.1735 51.5879 34.0418 70.6359 61.5115 35.5667 66.6392 67.6784 68.5853 27.5873 -9999 -9999 -9999 -9999 -9999 -9999 -9999 -9999 -9999 -9999 -9999 -9999 -9999 -9999 -9999 -9999 -9999 -9999 -9999
19.3471 14.2085 12.8516 11.524 17.3104 27.1768 8.87238 8.55277 17.7053 14.8781 18.3165 9.2752 25.2295 19.3682 26.0558 18.5812 42.9187 36.6451 30.5834 36.7819 39.8262 24.2487 40.6114 21.0316 39.78 28.8687 41.7709 54.3336 48.4397 27.1281 25.7026 104.734 50.4975 51.1656 48.6887 43.3617 33.1073 60.2108 40.5793 57.761 49.1009 57.1899 55.414 42.0487 68.6359 55.2255 33.1181 63.8735 66.3944 68.3266 28.6303 47.8473 86.8349 -9999 -9999 -9999 -9999 -9999 -9999 -9999 -9999 -9999 -9999 -9999 -9999 -9999 -9999 -9999 -9999 -9999 -9999
15.3117 17.7926 13.8855 10.5707 25.7621 14.7252 8.86368 11.0863 12.8498 14.2991 15.4781 14.6949 16.5926 26.7106 20.0531 35.3348 29.4987 33.6109 35.9987 29.397 32.066 36.73 24.7717 36.4501 22.8226 35.7611 49.874 52.945 33.0041 9.59967 107.312 50.9396 41.6656 55.3968 42.3639 35.3414 55.1781 35.1368 55.7151 49.0398 48.7713 58.3952 49.6164 47.5994 51.8381 41.5351 61.8735 59.5862 66.3293 31.4358 52.4245 76.4578 82.0247 65.5382 -9999 -9999 -9999 -9999 -9999 -9999 -9999 -9999 -9999 -9999 -9999 -9999 -9999 -9999 -9999 -9999 -9999
12.89 15.4192 14.7604 11.6377 23.3198 13.1675 9.51296 11.9674 8.7839 13.9891 13.5303 13.0669 21.6018 23.72 22.4216 36.175 27.8107 30.3832 32.8203 30.447 25.7374 33.3192 36.8704 14.4292 35.7089 34.5401 65.6998 33.7903 14.1673 86.6901 52.7292 46.4797 50.5108 40.8643 33.5939 54.9158 32.8153 54.1943 46.3031 47.7966 47.8256 64.1531 40.0812 46.7279 43.501 53.1008 69.0213 62.3152 27.7329 54.1414 60.3278 81.3916 64.8431 48.577 62.3052 -9999 -9999 -9999 -9999 -9999 -9999 -9999 -9999 -9999 -9999 -9999 -9999 -9999 -9999 -9999 -9999
14.623 13.2687 14.6337 12.3906 17.0507 16.1998 11.0165 8.64538 9.06903 12.8627 10.4862 14.6065 20.454 21.9405 34.3446 22.9237 28.4454 32.6399 27.4769 27.4006 31.5646 21.6077 30.543 36.6118 6.15024 81.8243 31.1825 21.9363 68.7198 55.553 41.6095 46.1637 45.8743 37.3107 41.6418 42.1994 49.0707 36.5722 53.1772 42.5956 68.4014 36.7586 45.5383 42.9625 42.5835 74.4227 55.2142 35.7433 52.1414 54.2196 73.6686 71.9719 44.4963 55.1835 60.1208 68.8942 -9999 -9999 -9999 -9999 -9999 -9999 -9999 -9999 -9999 -9999 -9999 -9999 -9999 -9999 -9999
8.10518 19.4808 10.1556 13.0252 16.1005 17.4044 11.3251 6.62587 7.35908 12.5892 9.67014 10.9303 22.2974 29.4576 27.5367 21.3762 28.6136 29.8118 26.7223 27.8429 20.191 29.0906 28.6848 20.6648 72.6679 19.893 35.5601 48.412 53.3879 46.3472 48.169 34.2863 49.3677 34.7335 37.0917 42.98 42.7318 48.9522 40.6161 71.3971 32.5189 44.8614 40.0795 42.421 76.3097 49.1267 31.9198 49.5628 55.5928 70.3992 72.4148 40.9415 57.9951 56.4746 41.1274 126.053 -9999 -9999 -9999 -9999 -9999 -9999 -9999 -9999 -9999 -9999 -9999 -9999 -9999 -9999 -9999
6.99625 14.3996 16.1527 3.13174 15.5768 20.8395 11.4966 7.13527 5.23611 10.3972 9.56451 9.24812 31.7303 20.8865 26.8615 22.4823 27.2479 28.466 19.3318 26.8681 22.6711 29.1717 20.3074 54.6612 33.7477 37.6192 18.4318 72.4277 36.4522 56.1001 31.3658 43.8457 33.3595 38.0579 41.6106 39.3103 38.7842 50.1492 69.256 29.4897 44.7309 37.6795 42.4167 72.848 44.2695 39.0756 41.7702 59.3854 68.3992 66.7148 42.6415 52.9136 52.4888 42.4431 121.818 40.7915 104.192 -9999 -9999 -9999 -9999 -9999 -9999 -9999 -9999 -9999 -9999 -9999 -9999 -9999 -9999
