tags/0.1/data/area_dinf_2m.txt
ncols         197
nrows         200
xllcorner     183434
yllcorner     584651
cellsize      2
NODATA_value  -9999
[rows 93 to 123 of 200, columns 71 to 141 of 197]
41.3831 44.6052 22.3085 43.3047 29.9292 30.6398 29.7971 32.522 31.6871 32.5188 30.4512 30.1554 27.9642 24.8714 23.0395 19.4119 15.547 15.0175 17.3709 29.5631 37.0988 30.929 22.3737 10.3865 13.8624 17.4385 14.5474 12.7935 12.285 17.0758 15.354 23.3889 21.2104 18.1589 15.2077 21.9038 15.1323 21.1792 42.8779 26.1636 24.931 19.5134 27.2534 30.407 30.6818 29.3951 34.1719 68.9916 51.3277 40.0816 42.8656 39.4831 40.5753 52.1658 54.5396 40.5528 64.0309 73.8878 34.3844 24.0146 101.729 64.7043 120.13 24.2748 40.6411 20.5702 119.625 62.6213 81.9012 32.2966 37.6858
38.7026 37.6223 41.4632 19.437 34.6972 36.8568 38.1837 30.1021 35.749 35.0288 31.8841 28.2443 27.7121 26.2065 26.4728 28.1686 29.9204 26.5565 28.8307 45.8682 33.4667 31.3988 31.9624 28.1416 16.2968 20.0467 21.2916 16.4401 10.7935 15.663 14.2873 19.9875 24.242 16.9027 17.5191 19.9828 14.4962 24.0397 35.5041 28.6954 22.249 18.5838 25.0239 33.2323 25.5603 29.1737 61.6792 51.3188 38.8082 41.631 39.9466 35.6727 50.1249 46.3573 47.1813 54.473 52.0228 53.595 51.2384 70.0787 50.7175 71.2854 88.4818 56.2306 9.05172 99.7277 56.8051 67.8654 60.9377 32.9061 40.5591
45.3433 41.9211 30.0372 37.9169 40.4479 37.1761 29.9476 40.8132 35.2234 33.9973 32.3129 31.9673 27.8086 32.0219 32.1425 31.844 29.5786 37.1785 58.0559 43.2883 32.0266 32.1756 28.6776 33.4777 30.0411 17.5642 23.9326 18.5455 17.9888 9.54591 16.8418 12.9493 28.5678 16.6166 19.1307 19.0747 13.1475 27.7566 30.2052 24.6051 24.3142 15.2363 29.9878 28.6514 22.3007 48.7857 51.5051 40.6428 40.4148 36.9469 40.6905 42.2504 39.0293 48.5793 43.1319 53.992 56.5576 45.6173 57.7455 56.793 60.1643 81.5459 53.1434 55.364 73.5838 42.6862 65.267 56.072 57.8615 25.6529 49.6845
38.6746 31.4706 36.0161 31.9585 37.2943 33.3655 43.7795 39.1031 38.2114 35.2356 36.5634 37.9992 40.728 35.4266 39.3573 48.2523 59.7436 65.5404 36.3888 29.4484 37.5759 23.0687 28.6798 29.849 30.6087 29.5585 16.8893 28.3972 18.1325 17.1482 8.51841 16.9689 17.8289 25.5933 20.6603 14.7311 15.5732 27.8512 26.6844 23.8183 20.5273 18.6564 28.0999 25.9848 32.6288 48.8264 42.5204 39.7923 32.9976 41.8514 41.2268 36.7752 39.7514 46.4346 43.2447 51.2334 53.0075 51.9435 51.3091 55.3006 71.0792 56.0466 67.1282 49.7504 56.7243 70.9474 47.6539 54.6701 39.2708 33.9976 61.9594
36.209 37.1352 35.4285 64.3734 38.8282 49.7991 40.2944 39.4648 39.6229 40.879 39.3995 37.6996 37.3999 46.0716 47.548 43.0962 36.8094 23.1475 27.8085 25.4758 24.8592 37.4551 29.1308 24.9419 28.8524 29.4054 30.7949 18.7359 33.7238 18.549 16.3441 8.15677 17.1632 23.8525 25.0616 14.7954 11.9002 30.7956 23.8152 22.6877 19.2352 19.0016 27.3464 30.8116 38.1894 39.013 42.4417 32.6196 34.7186 43.8489 37.5846 30.9463 49.2005 36.6502 44.7119 45.9641 53.7427 53.9167 46.692 63.2932 61.4251 55.0602 60.6213 47.8815 63.7127 51.9909 76.2596 23.4916 33.0232 73.3971 67.316
46.2415 43.6445 65.4367 31.983 56.1454 41.7252 53.4554 43.8029 42.4678 44.2949 45.2311 47.6364 59.9842 52.1981 47.9051 42.3604 34.6622 31.2227 30.4398 34.5368 31.2456 30.5191 34.0795 30.4949 27.465 25.4989 26.9873 29.4835 19.8807 30.3474 29.9815 21.3926 11.1153 19.4791 21.818 22.2039 12.3375 25.9885 24.1062 22.5008 17.9141 19.7652 31.6575 36.8123 28.6065 33.7464 41.0463 32.8682 37.1455 39.2947 34.3901 37.2241 37.7134 41.3184 42.2305 45.1634 53.688 47.7106 53.637 62.3206 56.1873 52.4126 45.6768 73.0298 48.8263 48.8267 60.6986 27.5632 62.8852 54.8954 50.6088
49.5599 64.3446 38.1208 48.6237 31.0292 54.6497 37.2015 51.2528 50.4113 51.6558 51.2258 53.4435 40.1662 41.1988 37.9928 34.096 29.5616 35.556 30.5798 25.0931 27.5082 24.2346 22.9986 25.67 23.2818 23.5657 20.3714 23.2044 28.2416 22.8186 21.487 23.5186 21.7611 11.4679 21.8234 19.8378 18.2291 20.057 25.4988 21.9381 18.2428 24.5293 35.9084 29.8802 21.5169 35.1256 37.1815 35.4907 42.261 29.0916 33.5389 35.7418 37.925 36.9995 45.4388 45.222 47.9849 48.9456 53.2604 62.6703 54.713 47.4711 42.455 68.2668 57.8332 37.3113 50.3781 48.4178 56.6024 48.875 107.083
57.5315 43.1758 52.4237 53.4022 70.8974 41.9257 54.0244 50.1395 56.9102 47.233 52.2744 46.7333 42.843 40.9687 36.339 35.3529 41.1117 29.1888 25.54 23.8557 19.5714 21.4038 18.9443 17.2873 18.3531 18.9159 20.8309 15.3195 6.69108 23.0258 21.6504 23.4735 23.9161 21.8451 13.1036 23.8111 15.2826 22.4673 23.9324 15.8643 24.5495 31.993 25.1341 29.4027 23.5337 30.8944 39.6865 34.4164 33.6622 33.0352 30.4287 34.6348 36.6977 37.9061 41.6018 48.0122 43.1564 53.2293 50.9803 60.6487 50.6861 47.2135 42.8003 57.3919 60.0958 34.6956 55.6707 55.0888 52.4361 59.6361 82.0857
56.2162 55.4294 58.758 62.1536 47.746 65.5978 59.2804 53.0055 41.2869 55.8062 45.6517 42.8855 48.3093 44.0777 39.9194 37.6528 29.6172 31.2137 35.1845 33.2862 31.9856 28.0193 26.4789 25.0767 22.8057 20.609 17.2076 20.0438 29.5113 21.2841 22.9837 21.8833 23.2339 24.8712 22.8045 14.9822 21.4586 19.5408 21.1137 22.4065 29.3293 20.9239 25.4235 30.4623 19.3472 37.1985 32.7771 33.1013 32.957 30.1285 29.3444 35.1338 33.9988 38.9016 39.0437 45.8489 53.8929 41.8077 55.1965 53.4543 47.711 44.3923 53.0766 47.3016 51.4012 45.2863 51.1792 54.86 48.0792 71.4752 51.268
67.5099 71.8642 68.2816 52.1572 62.1961 58.0057 61.4464 54.5096 59.4277 48.4854 49.6021 50.3453 43.1897 40.2813 40.5611 35.6198 32.1113 31.1723 24.9996 23.9421 20.1455 18.5414 27.295 28.0487 25.0525 22.3489 25.2255 25.7733 19.6493 19.8308 19.8853 22.2583 24.6273 22.7168 24.6405 22.8397 22.6768 14.1842 19.6112 30.8134 22.9493 20.7456 26.1627 28.4625 19.6941 35.8857 28.8893 34.1488 31.0441 27.2817 32.7502 29.9924 33.0049 35.4063 42.939 54.542 40.383 44.7529 54.43 47.8805 46.2128 42.6705 51.6949 47.8232 46.6564 47.4179 55.9481 47.2976 53.9824 62.5438 48.6475
45.0321 54.4156 51.4449 73.4054 56.4151 56.0637 42.2905 56.4776 60.2854 52.4867 51.9824 47.7125 41.1503 35.1622 33.4515 31.1839 33.5017 32.0759 34.1917 32.0578 38.0941 37.8088 28.7556 25.7394 25.97 26.9638 27.6377 22.8479 19.7643 17.4581 17.1625 16.2535 19.1803 23.1526 24.4461 31.9584 14.6159 23.1161 18.3776 26.1267 24.0445 18.247 29.2596 27.3402 20.3262 31.2535 26.8894 32.8548 31.6433 26.0269 30.0898 28.9894 33.364 38.374 40.8509 52.619 37.6042 44.5048 53.1597 46.9149 40.821 42.9852 50.0176 50.3195 47.0451 47.6882 47.5071 51.3441 48.2026 57.2991 54.1069
62.0732 67.3441 68.5874 51.0763 64.5481 46.7191 75.0685 59.6743 44.6471 55.1893 44.4616 34.975 35.3773 39.4876 42.3328 38.0205 34.8123 34.2997 31.4034 31.7367 27.5149 34.9296 32.403 30.767 28.7671 30.5973 25.0242 24.0187 23.9156 20.7589 16.4146 16.0713 12.5056 17.0751 23.6285 27.6235 29.9586 21.9418 21.8278 19.2872 26.0536 20.5522 25.1672 24.7368 23.8866 27.3603 26.7827 29.2372 31.261 26.6039 29.0398 26.2203 40.523 34.5279 38.15 47.2935 40.5807 44.8489 51.9213 43.4218 37.3321 47.2622 45.5592 48.2951 46.4031 46.5012 44.9682 49.6962 49.8121 50.525 52.7566
77.654 54.8386 62.2345 58.622 40.0692 79.7243 46.8314 54.6966 56.4147 35.9152 41.1565 42.4316 40.6606 38.4892 22.2912 37.3863 35.7357 34.5947 33.4017 33.337 36.7831 29.0685 27.6158 23.5143 27.395 25.335 22.8463 22.8646 22.8798 24.4759 24.6772 19.2658 20.0904 15.8192 10.2118 16.8316 33.8602 23.6447 22.2588 20.4073 25.7333 23.6033 20.067 23.7437 26.3133 23.907 27.0657 27.4136 27.5722 26.6902 29.955 29.7293 34.8705 36.4754 35.1824 47.2753 41.1756 32.9362 66.8961 28.939 45.0714 42.3769 43.0521 46.2405 46.8703 41.1034 48.7791 46.6947 47.177 44.5386 61.1369
66.4695 70.4275 47.75 62.1274 85.7677 46.5805 62.1279 49.1272 50.9398 60.395 41.8913 43.8364 43.8975 32.6612 49.6439 34.5748 38.9403 37.1946 38.8378 42.4184 33.5291 28.8484 23.4098 46.7972 47.4058 44.1748 43.5627 36.8274 33.5169 29.6949 25.4305 25.4339 18.0853 14.9109 15.7104 13.442 17.8329 33.1842 22.1053 26.815 24.2516 21.7721 21.4889 21.2868 24.469 26.8657 23.5536 26.501 26.8011 25.1861 29.3068 30.2851 33.8372 36.9918 29.8838 51.1661 34.6232 36.9493 59.4477 31.2276 41.7789 45.2213 37.6943 47.5199 44.8986 40.1262 44.3697 51.3876 39.624 51.8916 50.0161
61.6634 66.3839 78.0428 66.64 51.0627 63.1833 50.4903 58.6422 43.081 30.5847 56.9146 45.773 37.2779 45.6335 48.9275 59.0932 49.7873 53.0776 52.3399 43.7702 58.2949 57.8804 68.5438 49.303 41.9361 37.3969 36.6447 39.3801 35.1521 34.3649 35.3612 32.5987 30.2333 22.3262 18.6813 13.5246 11.0227 16.8128 31.7347 28.958 24.0555 23.7959 20.3498 20.9466 24.0386 24.7457 24.2942 24.4286 26.1302 23.733 28.3764 32.6274 31.1468 35.1486 31.1311 45.0372 36.7926 42.1753 45.6074 36.9923 44.505 34.3618 42.4486 45.5009 44.1684 37.94 42.5452 48.1627 46.0667 44.1704 48.0944
97.5273 57.6728 71.3256 63.5426 53.2302 49.4642 46.6298 35.118 45.4034 50.311 33.608 51.2123 55.4606 68.4343 63.5315 60.1863 76.4123 66.4946 69.0504 68.3303 49.7565 53.8646 46.4138 36.9371 32.7547 35.0697 30.2074 28.6615 31.4959 32.0436 33.2873 32.4923 33.0199 37.4919 27.5004 19.1203 12.334 9.55577 22.8285 28.5766 25.1959 23.8856 24.8199 18.2502 24.6808 22.3252 23.4126 24.8626 24.1502 24.7444 26.2391 31.0558 32.6886 31.9561 33.5863 42.0708 35.5214 42.3977 42.1513 34.6776 40.0441 38.6305 38.7808 50.9415 35.6143 39.9724 38.4632 52.6982 38.8145 43.8094 46.7587
10.1265 101.816 51.1018 58.7224 56.0258 39.5602 45.554 44.5218 40.8145 57.8167 66.0025 65.583 84.6839 71.4905 61.3275 61.4616 47.6975 56.1221 39.333 44.3511 38.9726 29.8851 34.6293 37.9079 45.9829 43.9391 43.5535 41.0994 44.6898 42.5444 36.3355 36.2497 37.768 35.5915 39.3548 39.6346 22.1974 13.9345 10.2426 18.1418 32.9061 22.6257 26.3204 21.9884 19.2661 23.9535 20.3171 25.8944 23.7661 22.2615 27.204 28.8455 31.5384 33.3603 34.1391 36.856 37.6141 42.8375 36.2367 35.1589 38.4757 36.9743 37.5984 49.588 32.7162 34.3 51.905 43.8954 33.3837 46.5455 48.9231
114.903 15.5887 83.1803 46.2346 50.2765 55.0835 46.8684 54.1856 71.0119 65.4325 75.4881 68.4877 55.6438 64.3992 67.7596 58.077 50.973 41.1484 56.4344 50.014 62.8029 59.3077 47.563 45.6069 37.7814 34.5435 36.0542 44.1369 39.839 37.0442 39.2644 38.5701 34.7643 31.1435 32.5989 32.6158 50.5905 38.9057 23.6394 13.9177 17.7417 31.2111 27.4196 23.3325 21.3586 22.7486 18.1724 25.3034 23.2845 20.9296 26.3324 27.6468 30.6926 32.2157 39.0041 32.2237 40.7015 34.7776 35.7793 34.797 37.3922 35.291 36.447 49.6291 27.289 41.9316 38.7266 54.0153 20.0253 62.8416 35.0962
26.9192 89.8256 14.9732 69.6081 44.5538 60.5939 70.4728 80.6483 76.9456 78.9037 59.4603 63.7038 61.5283 50.2476 48.1021 41.6651 48.6635 54.8927 45.1922 42.8997 33.5506 45.2248 46.7936 43.5328 43.2922 43.8304 54.4757 44.1138 39.2021 38.8855 36.8769 32.5118 31.4722 31.4215 26.1763 31.7405 27.7893 36.9925 36.6237 20.1725 12.0651 17.9875 31.8008 27.5916 21.1346 25.3641 16.9341 23.4659 22.3767 19.8076 25.1378 26.4068 29.9164 32.3181 38.2226 38.9932 29.9334 37.4401 32.2056 30.6413 41.1927 32.3993 38.5611 41.0711 33.7323 36.0295 40.4216 42.5692 39.0847 42.2738 45.5663
80.8544 28.1661 74.1575 13.649 101.154 75.2451 85.9594 81.8664 74.9154 63.7286 73.0666 60.2048 53.9174 52.0432 44.9395 60.0925 53.4673 48.5675 48.8487 51.9086 62.7312 57.9433 56.7662 58.7021 49.7533 55.494 43.9539 47.7103 45.8974 43.8221 40.1247 39.8081 37.0122 38.5456 41.9989 26.7214 24.9241 24.5859 33.82 32.9155 34.3827 12.8111 17.4434 34.3876 25.6769 19.9489 23.8927 21.1758 21.9903 18.3733 23.27 25.1899 29.0301 33.8633 41.4988 32.8339 30.6752 34.0451 30.8626 29.2077 38.7402 37.7304 32.8258 37.6704 40.4977 26.258 49.2544 33.3329 34.6523 43.5095 42.4876
53.4771 60.7235 32.7231 132.423 50.7011 99.9536 73.0878 68.9587 66.4979 66.7737 53.8544 71.2022 59.1569 56.585 67.3968 58.8517 67.596 55.076 55.5078 59.2913 47.887 39.7814 37.631 36.4548 45.2861 44.4552 40.3429 33.7908 33.0794 31.1549 31.9845 33.4697 36.7577 36.2132 31.9068 43.5824 36.0483 31.9704 25.3903 42.3949 20.1753 32.4773 19.1999 17.2304 35.1723 26.5413 20.1069 20.9364 22.7995 18.7298 19.2927 25.9999 27.4865 35.9463 38.644 29.9586 30.4054 34.1309 29.2146 31.6638 34.5023 35.4363 35.6958 33.1938 35.5995 37.3543 37.6173 34.089 32.5169 36.6465 51.3925
-9999 98.1961 135.635 64.2968 107.799 54.8045 76.3906 60.8251 59.1244 54.1448 70.1353 52.9597 81.8847 76.4636 71.2919 73.8864 70.4708 95.2521 75.2036 56.9833 45.8386 45.4289 46.1521 45.3979 50.0935 33.6121 30.9618 29.283 28.1998 26.6348 27.0894 30.4377 29.6299 28.0005 30.9116 27.6356 31.8795 31.675 34.7492 17.2178 34.9253 24.3304 24.5028 22.9369 20.1667 45.4888 17.4317 20.4383 22.6848 18.9869 19.6634 20.3789 29.8633 38.0753 32.4747 30.1689 30.3644 32.131 31.5832 27.8679 33.5703 36.2925 31.9302 32.4966 36.8181 34.1805 34.4679 34.0219 30.605 33.9771 51.4918
-9999 110.404 93.4879 92.9353 60.3784 83.737 60.8988 75.548 70.6605 83.0721 66.8744 78.5112 55.0313 81.2581 74.102 64.6162 49.9468 22.2726 41.6948 43.8466 53.8641 43.7861 46.3252 42.3372 26.4814 36.5822 38.9131 38.5489 35.7425 37.0459 33.9601 24.273 19.258 20.2746 20.9753 22.2797 28.2423 31.8956 25.6794 40.3021 31.0352 32.4262 27.1154 20.4806 16.6841 21.2616 42.963 19.8348 18.5695 21.834 19.0225 21.7966 18.5143 48.1004 29.8351 27.0094 30.2504 29.5855 31.3234 28.4231 32.2539 34.981 30.8415 31.5142 37.2266 30.2704 34.3205 30.763 29.4548 33.6307 54.4426
-9999 -9999 69.2123 80.1556 82.7589 73.7939 78.0847 78.9039 83.3051 74.0731 75.7863 60.5919 82.3323 48.0741 48.2719 39.4835 38.8821 54.5646 45.3938 42.689 29.9284 63.0662 45.068 43.6945 56.8223 73.8425 66.6253 64.1302 62.4245 62.5665 61.5254 61.2427 60.591 54.4169 44.1121 40.8854 31.419 18.7709 30.7312 33.1685 32.0137 35.6288 35.4076 26.57 19.803 14.6842 26.5331 34.595 21.8155 20.6115 19.9796 21.4818 17.4175 44.2366 30.1087 28.0505 26.5901 29.4053 31.0752 29.5175 28.2866 35.4647 29.9254 29.5358 35.7277 29.9886 32.0445 27.093 31.1445 40.6115 38.9677
-9999 -9999 -9999 74.2967 73.9684 76.3289 88.1176 75.7992 76.8951 71.6193 77.1748 82.7355 52.5817 65.2546 53.7347 60.4553 69.014 59.7226 59.8333 66.9443 80.5327 42.3555 55.191 72.9384 74.3051 49.9534 51.2037 50.7357 58.0569 51.5701 45.7798 44.4011 43.7368 44.6025 48.6939 40.7714 40.0528 52.7761 39.1685 27.2411 39.3561 28.5554 32.4447 37.9931 24.9771 21.6184 13.5631 28.8221 35.0809 18.6611 19.0586 22.8033 16.5802 41.275 27.181 28.9281 29.2698 25.1418 31.6463 28.0906 28.9923 33.5603 28.3044 27.6045 33.5055 34.1385 25.8748 25.6585 36.5923 35.7043 39.3648
-9999 -9999 -9999 -9999 86.2826 83.9028 80.9153 89.1693 78.382 83.6508 70.2328 64.8995 71.6717 68.5403 81.1773 81.0445 85.3936 78.1913 74.0029 65.7365 61.5852 78.1234 89.5424 73.6176 64.5303 59.4065 64.6528 61.8079 48.2257 44.8321 44.2945 38.5969 35.5705 32.6643 30.8916 34.3719 34.8313 28.9905 31.4331 30.11 22.4285 28.9565 25.6978 29.0613 43.9137 22.4097 20.7111 12.537 28.2751 38.5521 15.2891 18.8076 22.7204 29.3895 31.0688 28.6734 28.8086 28.1762 26.8409 28.9631 28.734 32.6757 23.4473 29.0724 33.4106 31.2895 22.963 28.2495 34.5992 36.997 36.6868
-9999 -9999 -9999 -9999 -9999 98.3393 92.4025 90.9157 83.1989 67.283 73.4806 65.9538 73.9159 67.5032 69.0726 68.8867 50.0979 67.5869 65.7414 67.4414 69.5223 63.8067 71.9502 54.7518 45.6348 47.2033 34.3022 31.2206 32.57 34.4081 32.4082 34.1059 33.1105 31.8676 30.9959 33.4433 33.9039 27.3152 29.5047 33.0731 32.8133 32.3548 29.97 27.0407 23.9957 44.3429 22.165 19.1484 14.6655 27.2283 36.36 12.7644 21.2147 26.9708 32.2907 26.0844 31.8544 24.166 31.1022 26.1125 22.1073 36.1532 25.867 23.9487 35.1611 27.6736 21.3903 29.7209 33.53 36.8777 35.8824
-9999 -9999 -9999 -9999 -9999 95.2007 88.581 68.1029 77.0509 81.2096 69.8506 87.1699 71.5586 74.9386 63.4186 58.8358 76.6481 51.0887 64.4035 69.9718 64.2887 63.4039 29.733 39.3457 36.7123 33.4716 34.4259 32.8617 31.934 28.5419 28.421 30.1552 26.7772 25.2981 24.9687 21.353 22.8855 29.2102 27.1793 26.7558 25.5829 29.045 31.2088 28.2932 27.131 22.0251 42.6867 25.6175 18.1185 18.3233 25.3913 31.3425 12.6105 28.2657 20.2708 36.8602 26.3875 30.8104 27.7123 24.7141 18.9053 38.5103 23.8671 24.014 33.2063 27.8765 17.6077 31.6761 33.038 37.2349 34.4281
-9999 -9999 -9999 -9999 -9999 -9999 79.3404 93.0091 92.1476 91.1826 109.471 79.9257 92.6038 78.5588 73.7397 74.1815 48.5987 77.3865 66.92 58.1726 51.3878 42.8835 46.1338 45.2157 51.1083 46.9577 47.4257 46.246 42.3562 41.9656 46.8421 43.3968 43.1277 34.3907 25.0154 25.2014 27.3119 27.8743 27.1009 24.6764 29.655 21.9258 27.5946 31.9494 27.5421 29.4552 25.3754 40.8478 26.2096 18.5334 21.2652 25.4268 26.8723 11.0807 34.1941 24.1834 34.7071 27.6557 25.3065 24.8355 19.5671 37.3671 23.5096 22.0141 35.3776 24.1948 14.737 33.9742 33.6332 38.6716 29.4438
-9999 -9999 -9999 -9999 -9999 -9999 -9999 89.6199 84.5231 95.3574 64.7245 72.3762 54.4242 63.0299 59.489 47.9869 85.3535 60.6203 54.4181 52.9717 59.7722 59.1671 50.7629 65.1544 57.2747 61.5465 57.6343 58.7177 62.7081 66.8824 56.1268 51.838 50.5464 56.2201 61.5955 58.0055 43.4497 36.7916 33.0886 32.8517 19.0464 29.5724 21.3209 23.3473 32.1672 26.4576 27.5666 23.226 39.3096 23.716 17.2234 27.218 20.9246 21.3337 21.6622 29.9537 29.0694 30.5206 24.8092 23.8128 20.9572 27.5161 31.5035 29.0183 24.3734 22.1949 14.717 35.9813 42.1343 26.7584 23.6436
-9999 -9999 -9999 -9999 -9999 -9999 -9999 -9999 91.3691 61.849 62.7689 66.9997 66.9448 68.3259 78.9059 94.1768 60.5205 66.8753 66.4978 68.6815 58.6987 65.2395 83.375 59.0805 61.2159 54.7148 55.4188 48.4512 43.705 34.2277 33.5951 36.2916 40.1671 40.9916 41.8931 40.4286 42.4393 40.1455 36.6417 30.3232 43.6954 33.3214 31.5631 24.136 20.4166 26.9758 25.3088 28.4008 22.8756 35.3885 28.0901 17.408 29.3406 20.1108 21.0811 23.8592 29.7248 27.5692 29.1231 23.5855 21.1583 22.431 34.5766 26.231 23.0855 20.8061 15.6879 44.3205 32.1756 24.184 23.8805
