tags/0.1/data/slope_dinf_2m.txt
ncols         197
nrows         200
xllcorner     183434
yllcorner     584651
cellsize      2
NODATA_value  -9999
[rows 30 to 59 of 200, columns 68 to 135 of 197]
0.217762 0.208405 0.205431 0.186114 0.196526 0.185801 0.1875 0.148477 0.227005 0.197715 0.20251 0.209258 0.200485 0.18095 0.194174 0.202091 0.226535 0.241308 0.265166 0.237204 0.243218 0.245224 0.282216 0.271742 0.311099 0.318726 0.327593 0.299821 0.310966 0.336592 0.357893 0.368816 0.370481 0.373355 0.396872 0.404652 0.402727 0.392718 -9999 -9999 -9999 -9999 -9999 -9999 -9999 -9999 -9999 -9999 -9999 -9999 -9999 -9999 -9999 -9999 -9999 -9999 -9999 -9999 -9999 -9999 -9999 -9999 -9999 -9999 -9999 -9999 -9999 -9999
0.208237 0.214265 0.186355 0.198104 0.199053 0.168799 0.222504 0.212542 0.147932 0.20007 0.204101 0.204092 0.196065 0.18722 0.200607 0.207067 0.205281 0.239234 0.236529 0.239515 0.242154 0.242689 0.272098 0.285139 0.304192 0.317811 0.312887 0.323119 0.321059 0.308536 0.327389 0.379362 0.387879 0.37867 0.392256 0.402987 0.407475 0.408366 -9999 -9999 -9999 -9999 -9999 -9999 -9999 -9999 -9999 -9999 -9999 -9999 -9999 -9999 -9999 -9999 -9999 -9999 -9999 -9999 -9999 -9999 -9999 -9999 -9999 -9999 -9999 -9999 -9999 -9999
0.199405 0.198573 0.207507 0.200494 0.175641 0.240997 0.208407 0.205199 0.212997 0.144521 0.200733 0.194009 0.208462 0.205925 0.185013 0.205749 0.21224 0.231577 0.241228 0.249079 0.242137 0.249834 0.252537 0.222259 0.301301 0.30759 0.322943 0.32069 0.331422 0.329642 0.339944 0.353909 0.375481 0.386226 0.351091 0.384149 0.39245 0.409375 -9999 -9999 -9999 -9999 -9999 -9999 -9999 -9999 -9999 -9999 -9999 -9999 -9999 -9999 -9999 -9999 -9999 -9999 -9999 -9999 -9999 -9999 -9999 -9999 -9999 -9999 -9999 -9999 -9999 -9999
0.199362 0.210724 0.213458 0.205352 0.251007 0.207772 0.207639 0.206011 0.195311 0.212997 0.160495 0.187646 0.208601 0.197227 0.205443 0.186837 0.201951 0.245647 0.246155 0.244756 0.264103 0.248085 0.256335 0.29255 0.274714 0.310355 0.314535 0.313192 0.334268 0.348578 0.345161 0.354674 0.362401 0.412594 0.405084 0.360977 0.377193 0.389626 0.412594 -9999 -9999 -9999 -9999 -9999 -9999 -9999 -9999 -9999 -9999 -9999 -9999 -9999 -9999 -9999 -9999 -9999 -9999 -9999 -9999 -9999 -9999 -9999 -9999 -9999 -9999 -9999 -9999 -9999
0.207226 0.197317 0.190105 0.197535 0.213636 0.233002 0.206388 0.205967 0.204255 0.196727 0.180895 0.152831 0.195232 0.218508 0.214693 0.202822 0.191735 0.211813 0.236681 0.240415 0.237013 0.258507 0.220776 0.264464 0.257881 0.271186 0.309832 0.309846 0.34224 0.339074 0.342433 0.351428 0.359213 0.375598 0.407614 0.360144 0.374377 0.375582 0.378431 -9999 -9999 -9999 -9999 -9999 -9999 -9999 -9999 -9999 -9999 -9999 -9999 -9999 -9999 -9999 -9999 -9999 -9999 -9999 -9999 -9999 -9999 -9999 -9999 -9999 -9999 -9999 -9999 -9999
0.210192 0.202895 0.210957 0.20788 0.178025 0.201547 0.205075 0.204095 0.186508 0.190277 0.202566 0.20674 0.1667 0.208274 0.208349 0.225363 0.223931 0.210815 0.242009 0.232466 0.227636 0.252424 0.266624 0.265179 0.262216 0.325237 0.358758 0.328971 0.329881 0.319253 0.34366 0.344747 0.353135 0.363904 0.35638 0.374122 0.356859 0.366133 0.362138 0.360459 -9999 -9999 -9999 -9999 -9999 -9999 -9999 -9999 -9999 -9999 -9999 -9999 -9999 -9999 -9999 -9999 -9999 -9999 -9999 -9999 -9999 -9999 -9999 -9999 -9999 -9999 -9999 -9999
0.215042 0.21801 0.173869 0.181778 0.205916 0.178151 0.203141 0.194903 0.207478 0.202866 0.20045 0.202918 0.2085 0.187715 0.214488 0.219475 0.226514 0.221691 0.221417 0.24153 0.257214 0.259085 0.262323 0.27041 0.240337 0.201172 0.275771 0.287435 0.317139 0.313448 0.32385 0.345486 0.356097 0.343894 0.333159 0.364516 0.382127 0.364505 0.37475 0.37173 0.367358 -9999 -9999 -9999 -9999 -9999 -9999 -9999 -9999 -9999 -9999 -9999 -9999 -9999 -9999 -9999 -9999 -9999 -9999 -9999 -9999 -9999 -9999 -9999 -9999 -9999 -9999 -9999
0.220384 0.194851 0.222 0.220454 0.187181 0.195119 0.174897 0.198406 0.200263 0.198659 0.203798 0.20522 0.21446 0.212109 0.205093 0.217703 0.223463 0.232772 0.231209 0.227441 0.241204 0.257409 0.266711 0.249663 0.274085 0.230558 0.223798 0.274512 0.283907 0.31209 0.306141 0.338969 0.348249 0.355221 0.348808 0.348608 0.378685 0.361339 0.380514 0.384246 0.376179 -9999 -9999 -9999 -9999 -9999 -9999 -9999 -9999 -9999 -9999 -9999 -9999 -9999 -9999 -9999 -9999 -9999 -9999 -9999 -9999 -9999 -9999 -9999 -9999 -9999 -9999 -9999
0.194752 0.196783 0.202266 0.20877 0.213015 0.182432 0.156497 0.1471 0.195313 0.199918 0.19774 0.20465 0.190715 0.201685 0.212196 0.208909 0.224663 0.226797 0.211974 0.191395 0.196637 0.23918 0.250694 0.25498 0.267033 0.279914 0.286902 0.30512 0.293927 0.315369 0.33666 0.338351 0.34555 0.35214 0.359076 0.361053 0.369112 0.368083 0.3767 0.377603 0.378149 0.373068 -9999 -9999 -9999 -9999 -9999 -9999 -9999 -9999 -9999 -9999 -9999 -9999 -9999 -9999 -9999 -9999 -9999 -9999 -9999 -9999 -9999 -9999 -9999 -9999 -9999 -9999
0.191841 0.203632 0.203246 0.194056 0.203077 0.176507 0.189565 0.184509 0.157195 0.194258 0.204101 0.196848 0.207028 0.202188 0.185517 0.160824 0.171827 0.203042 0.22285 0.226272 0.202874 0.219212 0.245335 0.267814 0.275505 0.285419 0.271746 0.297173 0.287761 0.290492 0.322596 0.319998 0.336609 0.325619 0.356813 0.367015 0.348393 0.319629 0.356024 0.377213 0.381841 0.370426 -9999 -9999 -9999 -9999 -9999 -9999 -9999 -9999 -9999 -9999 -9999 -9999 -9999 -9999 -9999 -9999 -9999 -9999 -9999 -9999 -9999 -9999 -9999 -9999 -9999 -9999
0.197615 0.207404 0.199663 0.198063 0.165053 0.199187 0.190768 0.189502 0.171509 0.166293 0.183793 0.197069 0.19957 0.191902 0.185295 0.190524 0.185225 0.180473 0.22365 0.230606 0.226308 0.210083 0.206745 0.236618 0.234239 0.23582 0.240013 0.291533 0.279655 0.310337 0.321227 0.300893 0.331629 0.328453 0.336481 0.363349 0.358164 0.339991 0.32385 0.360977 0.391944 0.381488 0.42893 -9999 -9999 -9999 -9999 -9999 -9999 -9999 -9999 -9999 -9999 -9999 -9999 -9999 -9999 -9999 -9999 -9999 -9999 -9999 -9999 -9999 -9999 -9999 -9999 -9999
0.190649 0.198874 0.197037 0.169141 0.194992 0.174323 0.197298 0.195915 0.213501 0.178082 0.187397 0.190893 0.205756 0.189263 0.206235 0.199983 0.202995 0.205987 0.219534 0.227692 0.235089 0.228969 0.214651 0.223994 0.249985 0.259305 0.272585 0.288147 0.290516 0.304521 0.320678 0.3248 0.33013 0.339083 0.352266 0.361402 0.357794 0.36239 0.343469 0.374018 0.390324 0.365504 0.386429 0.427447 -9999 -9999 -9999 -9999 -9999 -9999 -9999 -9999 -9999 -9999 -9999 -9999 -9999 -9999 -9999 -9999 -9999 -9999 -9999 -9999 -9999 -9999 -9999 -9999
0.193911 0.158945 0.165219 0.190994 0.187375 0.213501 0.200922 0.213502 0.179651 0.191665 0.165741 0.162176 0.19221 0.202957 0.216778 0.207899 0.206042 0.180034 0.17077 0.188037 0.228161 0.234498 0.237439 0.223836 0.235131 0.231232 0.260223 0.261645 0.288412 0.30181 0.287445 0.295214 0.330628 0.317503 0.347188 0.35815 0.360314 0.360991 0.380803 0.35964 0.339886 0.3479 0.356104 0.398816 0.416437 -9999 -9999 -9999 -9999 -9999 -9999 -9999 -9999 -9999 -9999 -9999 -9999 -9999 -9999 -9999 -9999 -9999 -9999 -9999 -9999 -9999 -9999 -9999
0.168262 0.191156 0.186622 0.187382 0.210013 0.187715 0.1875 0.170181 0.18791 0.178974 0.186934 0.172943 0.184392 0.203997 0.209532 0.205662 0.214083 0.209855 0.207511 0.185052 0.193351 0.213591 0.219659 0.236431 0.22481 0.257002 0.274849 0.247184 0.266578 0.301277 0.292757 0.294609 0.309715 0.321829 0.330216 0.357401 0.349331 0.311182 0.359926 0.36239 0.370183 0.347411 0.333862 0.364668 0.397748 0.39422 -9999 -9999 -9999 -9999 -9999 -9999 -9999 -9999 -9999 -9999 -9999 -9999 -9999 -9999 -9999 -9999 -9999 -9999 -9999 -9999 -9999 -9999
0.187364 0.18457 0.172836 0.17212 0.168522 0.184121 0.178303 0.184744 0.180107 0.185938 0.169971 0.185258 0.174657 0.163959 0.20551 0.202973 0.200087 0.209597 0.213256 0.211079 0.19263 0.192056 0.220293 0.230487 0.237271 0.248956 0.265877 0.278781 0.266818 0.298753 0.290911 0.306532 0.323861 0.339197 0.318524 0.339415 0.345073 0.330761 0.35214 0.362556 0.364986 0.379762 0.341139 0.327745 0.364261 0.373025 0.386931 -9999 -9999 -9999 -9999 -9999 -9999 -9999 -9999 -9999 -9999 -9999 -9999 -9999 -9999 -9999 -9999 -9999 -9999 -9999 -9999 -9999
0.180545 0.168827 0.176872 0.178082 0.165824 0.179007 0.181077 0.181456 0.187597 0.175067 0.181321 0.19871 0.192129 0.175131 0.168363 0.200817 0.203702 0.206594 0.211803 0.213565 0.220532 0.199327 0.191064 0.242267 0.220645 0.262362 0.255602 0.269416 0.2669 0.294717 0.310307 0.312504 0.319934 0.337639 0.349926 0.316782 0.332341 0.361165 0.347207 0.351944 0.370312 0.368082 0.375491 0.349879 0.342246 0.366304 0.379565 -9999 -9999 -9999 -9999 -9999 -9999 -9999 -9999 -9999 -9999 -9999 -9999 -9999 -9999 -9999 -9999 -9999 -9999 -9999 -9999 -9999
0.166476 0.17245 0.173835 0.173697 0.157216 0.144134 0.184616 0.183802 0.169669 0.179842 0.178728 0.181062 0.189613 0.189376 0.177729 0.198131 0.200161 0.20556 0.206858 0.213269 0.220495 0.206244 0.214928 0.205056 0.212317 0.242885 0.25352 0.26674 0.268405 0.271939 0.284092 0.288242 0.315267 0.330056 0.330928 0.334626 0.3289 0.340822 0.349014 0.358098 0.358862 0.36813 0.370856 0.378877 0.354229 0.363478 0.397968 0.380541 -9999 -9999 -9999 -9999 -9999 -9999 -9999 -9999 -9999 -9999 -9999 -9999 -9999 -9999 -9999 -9999 -9999 -9999 -9999 -9999
0.158626 0.151588 0.157619 0.151847 0.17099 0.17154 0.122115 0.161551 0.163765 0.149672 0.149439 0.151603 0.175202 0.1883 0.18296 0.170397 0.191209 0.201947 0.206893 0.211883 0.206585 0.243823 0.22589 0.211524 0.226897 0.245952 0.255974 0.266997 0.282772 0.289913 0.294972 0.28882 0.295441 0.321023 0.329317 0.338082 0.341311 0.343616 0.319688 0.325619 0.353449 0.356444 0.370348 0.372654 0.395438 0.368193 0.359584 0.399705 0.378318 -9999 -9999 -9999 -9999 -9999 -9999 -9999 -9999 -9999 -9999 -9999 -9999 -9999 -9999 -9999 -9999 -9999 -9999 -9999
0.160459 0.165435 0.157576 0.165862 0.166935 0.153814 0.173004 0.142869 0.155742 0.177409 0.177406 0.155238 0.169306 0.186926 0.183363 0.186685 0.171487 0.194601 0.205043 0.201796 0.232643 0.218589 0.21554 0.194732 0.190316 0.21439 0.232088 0.234109 0.256632 0.278173 0.292567 0.290062 0.309359 0.318307 0.320421 0.331402 0.3389 0.348722 0.349423 0.333434 0.345265 0.355256 0.339178 0.352508 0.340445 0.390754 0.372809 0.385406 0.400454 0.376004 -9999 -9999 -9999 -9999 -9999 -9999 -9999 -9999 -9999 -9999 -9999 -9999 -9999 -9999 -9999 -9999 -9999 -9999
0.160197 0.165045 0.161149 0.161011 0.147577 0.164021 0.16536 0.148453 0.151746 0.172026 0.179509 0.184712 0.163942 0.184713 0.186349 0.17905 0.186974 0.165417 0.177489 0.205135 0.189895 0.212088 0.22318 0.228575 0.221424 0.215948 0.226587 0.24131 0.226156 0.233336 0.274703 0.287791 0.307435 0.312349 0.323385 0.328932 0.33537 0.344681 0.349521 0.329292 0.321121 0.348957 0.377706 0.364678 0.344982 0.346836 0.385222 0.390214 0.395136 0.389827 0.371499 -9999 -9999 -9999 -9999 -9999 -9999 -9999 -9999 -9999 -9999 -9999 -9999 -9999 -9999 -9999 -9999 -9999
0.150194 0.130462 0.110714 0.144688 0.158997 0.160142 0.143565 0.161797 0.164077 0.14794 0.169775 0.172346 0.188073 0.164573 0.188563 0.186444 0.171466 0.194158 0.176292 0.160401 0.211976 0.211863 0.224373 0.232703 0.234849 0.227674 0.223577 0.245103 0.263413 0.253091 0.263406 0.284339 0.299927 0.305817 0.321052 0.326563 0.33123 0.338539 0.342012 0.348269 0.369511 0.349725 0.341115 0.364907 0.375341 0.354757 0.365256 0.38885 0.396987 0.397758 0.385436 -9999 -9999 -9999 -9999 -9999 -9999 -9999 -9999 -9999 -9999 -9999 -9999 -9999 -9999 -9999 -9999 -9999
0.11705 0.151084 0.167161 0.148188 0.154888 0.132187 0.145818 0.147498 0.150672 0.157862 0.154952 0.179839 0.181749 0.172817 0.17623 0.18126 0.190333 0.18964 0.202179 0.177089 0.153795 0.164313 0.16797 0.172882 0.231101 0.221342 0.214216 0.230224 0.24891 0.280309 0.288821 0.270271 0.281236 0.305405 0.301663 0.310622 0.325479 0.333222 0.341004 0.323229 0.335504 0.352313 0.337581 0.33399 0.362184 0.37817 0.362512 0.366275 0.388951 0.366986 0.373085 0.377404 -9999 -9999 -9999 -9999 -9999 -9999 -9999 -9999 -9999 -9999 -9999 -9999 -9999 -9999 -9999 -9999
0.145471 0.146926 0.167314 0.149373 0.140543 0.151608 0.162713 0.157714 0.165381 0.172473 0.160569 0.114232 0.125598 0.137521 0.140021 0.18911 0.187072 0.193021 0.201751 0.210481 0.203525 0.205132 0.219477 0.256982 0.227007 0.235721 0.229781 0.220826 0.224928 0.192335 0.285278 0.281799 0.274295 0.287792 0.311845 0.311002 0.317408 0.324303 0.340085 0.345879 0.333308 0.334568 0.354092 0.319797 0.343102 0.370838 0.37182 0.365519 0.387141 0.382944 0.369006 0.358142 0.407302 -9999 -9999 -9999 -9999 -9999 -9999 -9999 -9999 -9999 -9999 -9999 -9999 -9999 -9999 -9999
0.144445 0.147822 0.132461 0.152706 0.146319 0.155502 0.150159 0.161673 0.165862 0.155469 0.174967 0.205191 0.191141 0.167938 0.190577 0.171181 0.192214 0.190328 0.185433 0.205549 0.206267 0.207354 0.22618 0.217651 0.234502 0.235196 0.24171 0.242611 0.266448 0.221078 0.207182 0.259088 0.278176 0.287191 0.29026 0.311019 0.329606 0.319898 0.332266 0.338196 0.343119 0.33492 0.339106 0.335292 0.305571 0.343835 0.373496 0.37653 0.387113 0.393298 0.379768 0.362407 0.363804 0.403457 -9999 -9999 -9999 -9999 -9999 -9999 -9999 -9999 -9999 -9999 -9999 -9999 -9999 -9999
0.134188 0.133412 0.129351 0.122698 0.142788 0.142386 0.160504 0.161034 0.15511 0.155228 0.179558 0.171497 0.183677 0.193078 0.177062 0.178521 0.173827 0.1818 0.181846 0.196894 0.205193 0.163592 0.19048 0.202906 0.230894 0.232314 0.240368 0.246983 0.250506 0.256968 0.236231 0.223355 0.258907 0.280597 0.301557 0.304302 0.313309 0.327333 0.323934 0.327057 0.339507 0.341564 0.340176 0.350949 0.333481 0.320707 0.351799 0.3765 0.380878 0.377237 0.382692 0.379934 0.366751 0.381155 -9999 -9999 -9999 -9999 -9999 -9999 -9999 -9999 -9999 -9999 -9999 -9999 -9999 -9999
0.145476 0.142531 0.147053 0.148111 0.141098 0.139906 0.154998 0.151941 0.146341 0.151083 0.14853 0.137969 0.152116 0.172064 0.171419 0.176495 0.186999 0.192087 0.201762 0.184941 0.197368 0.195283 0.172563 0.199457 0.205407 0.231202 0.237024 0.253908 0.248478 0.257237 0.262928 0.250003 0.256676 0.279692 0.273308 0.273444 0.289988 0.318319 0.324701 0.324095 0.34428 0.342773 0.334919 0.333362 0.332281 0.355703 0.341354 0.35893 0.380776 0.379211 0.392862 0.38481 0.381173 0.382132 0.397696 -9999 -9999 -9999 -9999 -9999 -9999 -9999 -9999 -9999 -9999 -9999 -9999 -9999
0.118776 0.125427 0.115865 0.120839 0.13279 0.1403 0.121301 0.134346 0.121492 0.151899 0.157227 0.147208 0.154018 0.158349 0.186434 0.156627 0.181208 0.184576 0.197304 0.191921 0.194333 0.21041 0.195288 0.178332 0.206667 0.207186 0.233167 0.238984 0.248462 0.255216 0.262457 0.262452 0.256359 0.261951 0.282553 0.288296 0.273115 0.297119 0.319103 0.337713 0.330557 0.337503 0.343116 0.349713 0.326913 0.347303 0.357668 0.313254 0.335524 0.372806 0.388858 0.375204 0.366483 0.381749 0.385506 0.378661 -9999 -9999 -9999 -9999 -9999 -9999 -9999 -9999 -9999 -9999 -9999 -9999
0.114646 0.11859 0.127163 0.120614 0.108746 0.111461 0.122364 0.102141 0.132996 0.145261 0.155852 0.164114 0.15399 0.149461 0.162635 0.18215 0.169409 0.179635 0.177394 0.201469 0.193504 0.191335 0.210772 0.198909 0.184297 0.210749 0.220361 0.240203 0.244814 0.248942 0.260615 0.257692 0.286318 0.253337 0.269026 0.29261 0.282282 0.276965 0.283529 0.307993 0.328105 0.333899 0.341366 0.346615 0.33268 0.346918 0.365929 0.352608 0.334207 0.328813 0.370881 0.385295 0.366094 0.36665 0.36663 0.369232 0.376908 -9999 -9999 -9999 -9999 -9999 -9999 -9999 -9999 -9999 -9999 -9999
0.11591 0.113179 0.111644 0.116683 0.116136 0.112575 0.111886 0.126999 0.151557 0.133678 0.138004 0.159076 0.155976 0.15451 0.151956 0.148253 0.157463 0.17814 0.173785 0.178959 0.194981 0.196505 0.198781 0.214892 0.197182 0.188895 0.246032 0.250884 0.241986 0.246333 0.249105 0.264091 0.262338 0.272393 0.258024 0.267239 0.297483 0.299443 0.278703 0.311048 0.313638 0.3167 0.338501 0.344119 0.330602 0.356736 0.370348 0.366832 0.354039 0.340517 0.331273 0.384584 0.386992 0.385372 0.373989 0.387159 0.37665 0.369357 -9999 -9999 -9999 -9999 -9999 -9999 -9999 -9999 -9999 -9999
0.108946 0.110841 0.111099 0.110034 0.108156 0.106936 0.115356 0.128085 0.117996 0.123334 0.134623 0.133885 0.145145 0.158109 0.147932 0.160345 0.172195 0.17247 0.194077 0.185624 0.187195 0.200442 0.201163 0.197656 0.220288 0.199054 0.170167 0.245892 0.233995 0.24302 0.259337 0.244663 0.254946 0.279266 0.279976 0.265532 0.286115 0.290202 0.275382 0.278552 0.319045 0.321973 0.334705 0.337148 0.342579 0.348738 0.353771 0.374268 0.376525 0.374978 0.338733 0.35037 0.385728 0.387869 0.373026 0.371611 0.383904 0.360068 0.352496 -9999 -9999 -9999 -9999 -9999 -9999 -9999 -9999 -9999
