tags/0.1/data/slope_dinf_2m.txt
ncols         197
nrows         200
xllcorner     183434
yllcorner     584651
cellsize      2
NODATA_value  -9999
[rows 30 to 59 of 200, columns 0 to 67 of 197]
-9999 -9999 -9999 -9999 -9999 -9999 -9999 -9999 -9999 -9999 -9999 -9999 -9999 -9999 -9999 -9999 -9999 -9999 -9999 -9999 -9999 -9999 -9999 0.387871 0.400102 0.390824 0.392891 0.374917 0.374373 0.398328 0.394909 0.345194 0.337702 0.346261 0.364296 0.360833 0.323504 0.293826 0.328326 0.35464 0.330058 0.323577 0.330747 0.32424 0.314112 0.316408 0.305056 0.316394 0.288717 0.287956 0.28552 0.255402 0.247824 0.256566 0.261064 0.25704 0.244762 0.232267 0.228941 0.224788 0.235319 0.23328 0.218967 0.205395 0.226054 0.213118 0.223042 0.203559
-9999 -9999 -9999 -9999 -9999 -9999 -9999 -9999 -9999 -9999 -9999 -9999 -9999 -9999 -9999 -9999 -9999 -9999 -9999 -9999 0.384412 0.382292 0.385439 0.385206 0.38049 0.379803 0.375014 0.395621 0.403167 0.386399 0.341782 0.351489 0.367469 0.364226 0.358695 0.328815 0.340725 0.350206 0.344258 0.325858 0.323237 0.330735 0.321553 0.301476 0.305623 0.296732 0.298931 0.264366 0.281751 0.28461 0.258118 0.249664 0.258325 0.265705 0.264634 0.252366 0.254601 0.250635 0.237776 0.240853 0.231577 0.229424 0.231964 0.227269 0.222687 0.218828 0.198679 0.210851
-9999 -9999 -9999 -9999 -9999 -9999 -9999 -9999 -9999 -9999 -9999 -9999 -9999 -9999 -9999 -9999 -9999 -9999 0.400401 0.398397 0.384834 0.385596 0.384993 0.386171 0.385262 0.407748 0.39363 0.373786 0.371983 0.391758 0.350674 0.366241 0.362995 0.359334 0.374006 0.374956 0.348912 0.346906 0.376417 0.379127 0.324982 0.3186 0.30241 0.302071 0.292714 0.292167 0.258891 0.275918 0.283998 0.256279 0.247178 0.263583 0.264835 0.264218 0.250974 0.254407 0.252585 0.236753 0.243223 0.244034 0.235631 0.232438 0.226129 0.229125 0.218249 0.203981 0.207202 0.206817
-9999 -9999 -9999 -9999 -9999 -9999 -9999 -9999 -9999 -9999 -9999 -9999 -9999 -9999 -9999 0.386001 0.394698 0.403567 0.410139 0.40363 0.405089 0.383716 0.408173 0.384845 0.419939 0.413981 0.363592 0.381386 0.381175 0.375889 0.408944 0.360583 0.356824 0.368559 0.349462 0.338917 0.363063 0.369636 0.349906 0.325297 0.356172 0.307559 0.306928 0.311786 0.312078 0.27215 0.263756 0.264621 0.257602 0.263281 0.275338 0.262113 0.249424 0.246147 0.249984 0.251865 0.233338 0.241821 0.248421 0.243579 0.246288 0.229792 0.231891 0.225012 0.218825 0.220565 0.219418 0.205835
-9999 -9999 -9999 -9999 -9999 -9999 -9999 -9999 -9999 -9999 -9999 -9999 0.373508 0.378425 0.386472 0.386535 0.393493 0.39124 0.391221 0.40377 0.396422 0.405706 0.402317 0.400271 0.401142 0.380527 0.402527 0.363095 0.370705 0.328314 0.320503 0.350325 0.369282 0.3442 0.334804 0.338671 0.358179 0.352185 0.320379 0.315328 0.2998 0.336076 0.309923 0.301644 0.269947 0.288736 0.276478 0.27824 0.24775 0.262855 0.27019 0.260758 0.25063 0.254756 0.246025 0.236859 0.240718 0.241651 0.235962 0.237979 0.234803 0.252105 0.234534 0.223357 0.222286 0.220114 0.221549 0.217003
-9999 -9999 -9999 -9999 -9999 -9999 -9999 -9999 0.363448 0.382368 0.409504 0.370766 0.376229 0.379514 0.376615 0.380445 0.38062 0.383032 0.389899 0.385952 0.378674 0.388018 0.371002 0.381642 0.390125 0.38247 0.353105 0.368611 0.352313 0.374924 0.346413 0.34159 0.351236 0.343466 0.331853 0.35288 0.336629 0.300404 0.288561 0.296021 0.294931 0.23918 0.251661 0.264494 0.268092 0.278294 0.266558 0.241969 0.26144 0.256352 0.244043 0.23401 0.247243 0.249296 0.239854 0.243338 0.229316 0.239393 0.237344 0.229633 0.235917 0.229604 0.201917 0.222058 0.22047 0.222682 0.214291 0.211449
-9999 -9999 -9999 -9999 -9999 0.349571 0.351806 0.350775 0.361053 0.368152 0.375479 0.350542 0.372325 0.367364 0.370562 0.372344 0.373205 0.376528 0.375017 0.359065 0.363049 0.383882 0.393778 0.380963 0.369299 0.353227 0.341362 0.3496 0.34372 0.336903 0.315771 0.338898 0.332414 0.330316 0.337879 0.329629 0.292488 0.290361 0.295643 0.284372 0.258934 0.258163 0.294518 0.291942 0.26932 0.240929 0.235636 0.264747 0.255666 0.25748 0.273357 0.249528 0.25395 0.23573 0.248416 0.21634 0.234347 0.238805 0.231961 0.223895 0.213571 0.211082 0.219546 0.224046 0.228611 0.218651 0.225274 0.210371
-9999 -9999 -9999 0.311843 0.325706 0.333714 0.337641 0.349288 0.356398 0.362945 0.368252 0.352275 0.378425 0.365872 0.362665 0.363301 0.367467 0.366473 0.348935 0.351359 0.365108 0.377793 0.370268 0.351242 0.359879 0.340269 0.344457 0.335678 0.319967 0.339426 0.359358 0.333056 0.314525 0.337017 0.332917 0.291407 0.280763 0.280425 0.277968 0.277501 0.27552 0.277543 0.277161 0.264786 0.260186 0.248794 0.268099 0.255984 0.268484 0.276317 0.258492 0.231873 0.236779 0.248122 0.223159 0.240782 0.229159 0.213704 0.221682 0.222549 0.203057 0.194249 0.223863 0.217598 0.195747 0.216801 0.207238 0.218711
-9999 0.293742 0.298701 0.308696 0.314828 0.325628 0.338661 0.345199 0.351702 0.356689 0.357239 0.362406 0.391407 0.354011 0.34906 0.35823 0.357345 0.339552 0.34013 0.374093 0.365614 0.359542 0.342667 0.323086 0.330094 0.335229 0.324409 0.324793 0.309895 0.319517 0.31139 0.318826 0.314743 0.311902 0.267096 0.258118 0.281142 0.27731 0.262146 0.259237 0.259387 0.252283 0.259264 0.242108 0.247999 0.275061 0.247987 0.287218 0.259263 0.250554 0.236041 0.234122 0.237905 0.199626 0.21258 0.232578 0.235319 0.219459 0.212464 0.215033 0.214003 0.220802 0.209434 0.197864 0.184016 0.175566 0.207705 0.214665
-9999 0.320129 0.310109 0.304411 0.32133 0.324805 0.336198 0.358866 0.343695 0.34603 0.34807 0.355777 0.342936 0.35183 0.380129 0.347565 0.338708 0.329957 0.363906 0.353197 0.332399 0.33334 0.328234 0.305867 0.321949 0.313607 0.294352 0.292116 0.296001 0.296817 0.288523 0.269097 0.260395 0.274704 0.238113 0.255976 0.261168 0.25233 0.243631 0.242965 0.239749 0.246755 0.231398 0.240224 0.243702 0.240917 0.271526 0.240079 0.241486 0.227316 0.254248 0.223148 0.225374 0.197196 0.225383 0.216431 0.184672 0.239781 0.217114 0.214032 0.214156 0.213181 0.201918 0.172377 0.207598 0.211845 0.19009 0.199004
-9999 0.292693 0.29559 0.313249 0.335803 0.343637 0.337357 0.328554 0.322777 0.338168 0.387372 0.335168 0.351532 0.359302 0.360926 0.33382 0.327749 0.342331 0.347544 0.319466 0.322499 0.324305 0.319061 0.290197 0.303761 0.311316 0.302181 0.291958 0.287452 0.262294 0.260009 0.257895 0.252025 0.248347 0.236847 0.25101 0.238199 0.235495 0.233241 0.209895 0.211205 0.215381 0.224133 0.225354 0.231265 0.236913 0.204885 0.192567 0.193286 0.190145 0.230513 0.220297 0.218893 0.209617 0.212655 0.18908 0.20936 0.193439 0.211711 0.217741 0.247269 0.197031 0.178915 0.204417 0.225795 0.208945 0.1984 0.181893
-9999 0.306417 0.294599 0.306227 0.313784 0.319094 0.339887 0.299465 0.329706 0.379559 0.353928 0.300414 0.346535 0.331 0.308926 0.314514 0.366172 0.328802 0.310482 0.305836 0.31539 0.310071 0.298046 0.298178 0.289398 0.283194 0.267934 0.242496 0.260871 0.240803 0.255131 0.238002 0.2454 0.226699 0.24506 0.249665 0.21914 0.213304 0.212011 0.229622 0.215604 0.214014 0.211242 0.214718 0.208704 0.188671 0.174862 0.181801 0.17906 0.195074 0.181373 0.174738 0.224864 0.202417 0.236863 0.248857 0.214953 0.262184 0.230383 0.228963 0.168635 0.169151 0.200004 0.233679 0.210155 0.208771 0.206036 0.200986
-9999 0.313764 0.310081 0.325382 0.335186 0.311276 0.330064 0.325296 0.381472 0.365451 0.33931 0.295231 0.323147 0.30426 0.304241 0.306415 0.316872 0.26391 0.292743 0.306098 0.300052 0.28688 0.281712 0.300333 0.256081 0.256328 0.234048 0.233532 0.243953 0.222161 0.226981 0.233804 0.237943 0.203036 0.225567 0.206558 0.193817 0.201472 0.204629 0.196018 0.183693 0.204359 0.203608 0.173986 0.148497 0.156271 0.187882 0.167643 0.185379 0.208004 0.189495 0.195167 0.193661 0.264161 0.21516 0.206029 0.266608 0.207202 0.183308 0.155422 0.168259 0.195346 0.216712 0.204712 0.190764 0.190456 0.194267 0.195231
-9999 0.321859 0.314773 0.313165 0.287833 0.310457 0.320181 0.331277 0.30113 0.324036 0.320903 0.290155 0.291341 0.302321 0.298492 0.316095 0.301535 0.283879 0.282621 0.287435 0.276308 0.271148 0.296759 0.242895 0.24441 0.249014 0.223099 0.226998 0.226153 0.220531 0.229002 0.226981 0.213605 0.18515 0.205427 0.19021 0.194596 0.195413 0.182786 0.185364 0.197084 0.192667 0.161574 0.1399 0.16096 0.193708 0.198575 0.184636 0.200232 0.195793 0.198907 0.189161 0.189865 0.189409 0.193807 0.219913 0.196388 0.226216 0.198754 0.212476 0.202398 0.213743 0.204925 0.187269 0.186529 0.184884 0.191401 0.19044
-9999 0.323348 0.322437 0.286349 0.299664 0.328061 0.329307 0.30203 0.312543 0.31846 0.325397 0.27476 0.297519 0.291149 0.315236 0.297901 0.278564 0.278894 0.274696 0.295814 0.255972 0.280334 0.267151 0.233114 0.261988 0.19445 0.19542 0.210153 0.198882 0.187634 0.202738 0.200848 0.202047 0.164921 0.183954 0.182257 0.185979 0.175165 0.131881 0.193678 0.181927 0.118437 0.134612 0.148756 0.182408 0.192707 0.179963 0.169649 0.16752 0.168536 0.170541 0.182726 0.183355 0.176798 0.172013 0.181902 0.185447 0.161725 0.181228 0.187451 0.193772 0.200266 0.169917 0.172079 0.180979 0.184234 0.17715 0.165045
-9999 0.324545 0.331172 0.312135 0.316596 0.320027 0.330514 0.301866 0.318294 0.316726 0.309343 0.293237 0.300582 0.325401 0.262932 0.29937 0.266109 0.268201 0.261632 0.255819 0.207344 0.259374 0.234011 0.224581 0.184846 0.183173 0.195107 0.190614 0.170786 0.189278 0.193448 0.193504 0.180207 0.140362 0.169906 0.176877 0.170906 0.147562 0.191823 0.173238 0.138489 0.127467 0.166527 0.169287 0.176777 0.179833 0.169051 0.169681 0.163921 0.167658 0.172602 0.172812 0.176378 0.155704 0.152963 0.15799 0.149221 0.162412 0.177376 0.179178 0.21119 0.193765 0.183895 0.176464 0.180918 0.177293 0.161338 0.155323
-9999 0.332674 0.335101 0.357632 0.316136 0.290626 0.347504 0.334981 0.305369 0.317095 0.309934 0.324768 0.299273 0.318541 0.29961 0.256867 0.256221 0.259624 0.253053 0.249888 0.260452 0.234048 0.206936 0.172291 0.177542 0.199793 0.163094 0.163941 0.191844 0.176395 0.15075 0.162743 0.173663 0.125031 0.103235 0.218099 0.140095 0.143673 0.157257 0.0721176 0.157668 0.129949 0.147103 0.1711 0.170683 0.169398 0.157667 0.154157 0.159395 0.157818 0.169096 0.164082 0.150851 0.153024 0.170206 0.163242 0.170845 0.167973 0.171998 0.183568 0.172033 0.158307 0.15082 0.188458 0.16538 0.160334 0.179845 0.171567
-9999 -9999 0.345368 0.357929 0.351317 0.343912 0.296744 0.356003 0.343184 0.304895 0.350419 0.309963 0.307668 0.291657 0.267172 0.244667 0.244921 0.256379 0.246061 0.260611 0.200531 0.15425 0.202873 0.14484 0.197108 0.187056 0.133696 0.186209 0.186276 0.148453 0.0939788 0.163513 0.146018 0.235992 0.153614 0.119149 0.155502 0.13649 0.110504 0.147003 0.172214 0.144686 0.158851 0.16546 0.155988 0.153515 0.1484 0.150054 0.145799 0.133158 0.155704 0.141775 0.137588 0.149907 0.131881 0.157868 0.163851 0.166136 0.164974 0.158027 0.142755 0.160514 0.193323 0.160748 0.145293 0.142263 0.170921 0.158085
-9999 -9999 0.281629 0.413231 0.370342 0.36353 0.353742 0.304303 0.361456 0.394517 0.296649 0.308686 0.3154 0.267104 0.287128 0.258674 0.271626 0.260761 0.248353 0.193079 0.170298 0.188118 0.184335 0.20549 0.17443 0.166633 0.149407 0.172811 0.123735 0.149212 0.162003 0.175984 0.164073 0.108979 0.191889 0.148846 0.137179 0.150987 0.13624 0.159367 0.173537 0.151389 0.14755 0.14749 0.152752 0.147446 0.146183 0.13985 0.143756 0.149913 0.148497 0.143303 0.14007 0.126573 0.133957 0.155208 0.157005 0.137589 0.142892 0.137279 0.1523 0.161059 0.161966 0.185068 0.182295 0.167848 0.168623 0.158581
-9999 -9999 0.301537 0.340954 0.415653 0.382027 0.375551 0.36572 0.349991 0.39318 0.30872 0.331295 0.303167 0.296952 0.301241 0.276381 0.266458 0.278893 0.1887 0.181236 0.204729 0.195375 0.207504 0.190602 0.184509 0.144183 0.182501 0.0668307 0.15635 0.178919 0.180945 0.128814 0.171228 0.113219 0.156494 0.229562 0.0884592 0.168461 0.151247 0.161756 0.16104 0.152441 0.141606 0.139566 0.141549 0.131773 0.142637 0.128745 0.143195 0.134863 0.134163 0.126907 0.125899 0.136593 0.150968 0.15213 0.151313 0.138558 0.153498 0.166777 0.16241 0.165292 0.167288 0.154286 0.154048 0.152148 0.149589 0.173307
-9999 -9999 -9999 0.317167 0.353511 0.417785 0.387329 0.384894 0.380419 0.375578 0.373066 0.339949 0.341278 0.290745 0.314422 0.29939 0.297345 0.259394 0.222904 0.18791 0.204358 0.239516 0.209706 0.206281 0.169353 0.193007 0.158544 0.142131 0.154819 0.17957 0.172936 0.1437 0.154752 0.154688 0.147561 0.174661 0.161693 0.157177 0.156483 0.160428 0.141903 0.14535 0.155525 0.142085 0.11252 0.145133 0.148165 0.145785 0.134887 0.138271 0.128654 0.137015 0.146308 0.143991 0.142587 0.147954 0.144986 0.14578 0.14853 0.145867 0.150488 0.121904 0.126049 0.12245 0.119875 0.140159 0.154185 0.14536
-9999 -9999 -9999 0.310396 0.329254 0.36809 0.403305 0.387785 0.415958 0.386385 0.376281 0.377702 0.346812 0.3116 0.30452 0.309879 0.289054 0.260054 0.263266 0.219112 0.225656 0.226098 0.222619 0.191979 0.209027 0.192034 0.125159 0.145016 0.182883 0.186392 0.180462 0.153529 0.178566 0.175758 0.145862 0.167725 0.164486 0.164014 0.137076 0.166516 0.159197 0.156071 0.147541 0.150863 0.148657 0.126734 0.148307 0.139217 0.146264 0.115099 0.150445 0.145347 0.14283 0.141239 0.130591 0.121399 0.153901 0.144386 0.142477 0.142379 0.136543 0.137562 0.127982 0.118603 0.134877 0.140508 0.144387 0.1134
-9999 -9999 -9999 -9999 0.326686 0.352765 0.372162 0.415024 0.405249 0.412028 0.417031 0.39959 0.373223 0.307093 0.337921 0.322392 0.304559 0.293138 0.251186 0.233285 0.247655 0.246134 0.200496 0.224238 0.220615 0.216646 0.156266 0.17065 0.193783 0.19198 0.159616 0.186757 0.186612 0.165955 0.178647 0.172676 0.195321 0.149961 0.172836 0.162681 0.167263 0.168122 0.14447 0.155763 0.152135 0.14879 0.116941 0.149724 0.125677 0.120766 0.164816 0.143849 0.142002 0.14494 0.126615 0.106072 0.146422 0.157498 0.140036 0.145582 0.121672 0.0791956 0.0820625 0.135738 0.140239 0.138356 0.120879 0.145245
-9999 -9999 -9999 -9999 -9999 0.329966 0.375128 0.39494 0.389522 0.382331 0.443886 0.394107 0.398922 0.358455 0.344173 0.335467 0.331855 0.308143 0.300913 0.266095 0.313254 0.286723 0.277928 0.252077 0.222696 0.218208 0.175606 0.179588 0.211874 0.182654 0.17839 0.196927 0.182164 0.190221 0.176482 0.162758 0.1772 0.204252 0.172595 0.181845 0.181801 0.190198 0.168015 0.142411 0.156507 0.156484 0.110024 0.119215 0.132004 0.150114 0.150857 0.160028 0.155928 0.112366 0.113883 0.164144 0.133996 0.149699 0.15652 0.135912 0.0544443 0.101443 0.129395 0.130813 0.135074 0.119678 0.139842 0.139407
-9999 -9999 -9999 -9999 -9999 0.355085 0.367526 0.394093 0.413681 0.389928 0.44842 0.378879 0.391997 0.389984 0.364305 0.353349 0.361499 0.357494 0.305833 0.255972 0.250959 0.263951 0.198748 0.267957 0.270475 0.243732 0.192061 0.197034 0.218001 0.205831 0.180457 0.181656 0.199448 0.194938 0.181135 0.185525 0.150038 0.228435 0.193428 0.140032 0.172815 0.231053 0.188486 0.168107 0.125873 0.153071 0.149851 0.126591 0.159475 0.138077 0.152092 0.156027 0.158324 0.118964 0.130156 0.147405 0.142859 0.13364 0.129161 0.0645581 0.110992 0.138073 0.134786 0.136878 0.142843 0.121532 0.134333 0.140508
-9999 -9999 -9999 -9999 -9999 -9999 0.385526 0.375443 0.387903 0.416398 0.404292 0.406593 0.414424 0.380424 0.379414 0.334919 0.326846 0.366516 0.315714 0.331103 0.256328 0.276659 0.196987 0.249205 0.271323 0.274495 0.222741 0.228812 0.232211 0.228796 0.209535 0.198427 0.188735 0.188058 0.195754 0.192004 0.154159 0.194175 0.226703 0.166963 0.195506 0.176766 0.20997 0.172663 0.143611 0.148372 0.151666 0.149041 0.172512 0.127855 0.162445 0.168194 0.161338 0.126823 0.156539 0.137346 0.145554 0.149694 0.137179 0.157702 0.136122 0.134507 0.133035 0.131192 0.135035 0.133128 0.136177 0.138653
-9999 -9999 -9999 -9999 -9999 -9999 0.389211 0.381253 0.357846 0.426088 0.423241 0.41385 0.411875 0.395479 0.397722 0.381808 0.323378 0.347234 0.344988 0.326512 0.287861 0.280385 0.22027 0.256521 0.237972 0.270693 0.217132 0.252662 0.244118 0.230823 0.220911 0.212102 0.185874 0.216681 0.212496 0.208203 0.156971 0.193529 0.19266 0.227798 0.18805 0.183374 0.171116 0.170919 0.16186 0.165836 0.141841 0.167134 0.163536 0.149994 0.178224 0.168562 0.160225 0.126523 0.154256 0.149651 0.135917 0.155795 0.109988 0.109402 0.131113 0.130813 0.130396 0.129082 0.118793 0.114168 0.114394 0.124812
-9999 -9999 -9999 -9999 -9999 -9999 -9999 0.379324 0.339117 0.395673 0.408538 0.423706 0.426397 0.422311 0.39938 0.397602 0.348601 0.357551 0.358392 0.35785 0.320364 0.287226 0.223482 0.290664 0.254904 0.267292 0.22347 0.241805 0.250691 0.250608 0.22835 0.238891 0.191309 0.208917 0.22249 0.21828 0.212913 0.15946 0.228567 0.198106 0.198366 0.203626 0.172803 0.179248 0.157283 0.180424 0.158109 0.171113 0.17285 0.151744 0.166631 0.173004 0.162519 0.143258 0.15877 0.155119 0.125558 0.155208 0.139786 0.133857 0.137535 0.137357 0.126217 0.128044 0.115733 0.124324 0.122395 0.125161
-9999 -9999 -9999 -9999 -9999 -9999 -9999 -9999 0.36705 0.381252 0.38879 0.406243 0.421127 0.43617 0.423517 0.382346 0.336179 0.352809 0.342509 0.354792 0.367699 0.326501 0.253858 0.26911 0.284183 0.281142 0.276023 0.271531 0.266501 0.265188 0.254801 0.250268 0.243798 0.193839 0.211495 0.265639 0.19265 0.215979 0.188616 0.196127 0.205552 0.216173 0.176793 0.185864 0.171904 0.159171 0.182503 0.183853 0.171409 0.179522 0.176512 0.159669 0.148714 0.167999 0.163613 0.131988 0.14056 0.143369 0.133725 0.16007 0.142531 0.128342 0.127726 0.123034 0.123433 0.120207 0.1266 0.123045
-9999 -9999 -9999 -9999 -9999 -9999 -9999 -9999 -9999 0.371638 0.389928 0.375321 0.401829 0.431632 0.427763 0.42807 0.382367 0.335917 0.361364 0.326687 0.355984 0.366274 0.29372 0.28956 0.2711 0.284501 0.258799 0.269999 0.236656 0.260196 0.256271 0.260874 0.255976 0.250981 0.245408 0.25735 0.223788 0.2033 0.228799 0.199534 0.209383 0.228669 0.195156 0.204883 0.196425 0.160685 0.171417 0.193109 0.199022 0.176571 0.182564 0.178348 0.16025 0.151106 0.181807 0.121627 0.155054 0.146432 0.168855 0.128108 0.148968 0.129528 0.118437 0.123438 0.117024 0.11761 0.121698 0.111908
