tags/0.1/data/slope_dinf_2m.txt
ncols         197
nrows         200
xllcorner     183434
yllcorner     584651
cellsize      2
NODATA_value  -9999
[rows 60 to 89 of 200, columns 68 to 135 of 197]
0.0961676 0.101235 0.0813212 0.0979386 0.0790134 0.08967 0.0879879 0.0970845 0.104083 0.11294 0.128718 0.136137 0.128098 0.150737 0.162574 0.151994 0.153848 0.163572 0.181795 0.183822 0.185239 0.185158 0.196931 0.224048 0.211364 0.217678 0.210113 0.17395 0.228252 0.231858 0.238676 0.266084 0.2576 0.262524 0.268895 0.249682 0.272335 0.297053 0.304758 0.286969 0.283429 0.317711 0.324132 0.338935 0.346615 0.352576 0.353726 0.343439 0.353988 0.400208 0.365137 0.375991 0.386545 0.388942 0.390731 0.369183 0.371583 0.393702 0.359858 -9999 -9999 -9999 -9999 -9999 -9999 -9999 -9999 -9999
0.0890335 0.108613 0.103639 0.107119 0.0841191 0.105336 0.107227 0.078033 0.0813217 0.0980773 0.100822 0.12704 0.130296 0.135043 0.147721 0.128229 0.153744 0.157488 0.165042 0.173071 0.182913 0.197304 0.181677 0.195108 0.210635 0.215561 0.21029 0.201801 0.169955 0.234176 0.245811 0.249363 0.251534 0.262032 0.267848 0.283545 0.274855 0.273628 0.294024 0.301647 0.280968 0.288745 0.336156 0.335903 0.343919 0.350344 0.35935 0.367867 0.322585 0.353553 0.337214 0.342246 0.353909 0.389459 0.381132 0.383665 0.373938 0.375491 0.401043 0.359978 -9999 -9999 -9999 -9999 -9999 -9999 -9999 -9999
0.0829949 0.0986025 0.101951 0.0962873 0.0988115 0.0869777 0.0576802 0.0770218 0.0918911 0.0753571 0.107136 0.117337 0.118161 0.125824 0.135367 0.137932 0.132606 0.162389 0.170473 0.167782 0.179783 0.174344 0.178223 0.171288 0.178767 0.175088 0.213361 0.208322 0.260593 0.177221 0.235691 0.245679 0.247209 0.255991 0.258772 0.258492 0.265449 0.262933 0.274743 0.296282 0.301306 0.291592 0.30704 0.33191 0.338998 0.345407 0.353731 0.376037 0.358653 0.369894 0.353945 0.353227 0.355078 0.382901 0.3914 0.394229 0.375627 0.3771 0.356736 0.373261 0.376243 -9999 -9999 -9999 -9999 -9999 -9999 -9999
0.0998429 0.0961374 0.0938126 0.0896266 0.0862911 0.0880226 0.070749 0.0852226 0.0736384 0.0778537 0.0878533 0.108523 0.110887 0.106419 0.123062 0.144309 0.134077 0.12488 0.16506 0.140595 0.16327 0.179319 0.183979 0.185208 0.201938 0.21125 0.186577 0.252048 0.212134 0.205734 0.17664 0.237445 0.245176 0.253524 0.260418 0.267715 0.274704 0.272138 0.264903 0.251833 0.291664 0.300717 0.290013 0.310558 0.334627 0.344027 0.351089 0.374588 0.3445 0.365231 0.372389 0.363625 0.370482 0.383466 0.377193 0.389968 0.379314 0.394565 0.383002 0.359948 0.377723 0.363793 -9999 -9999 -9999 -9999 -9999 -9999
0.111026 0.092577 0.0948778 0.0896158 0.0783013 0.0779058 0.0707105 0.0881517 0.0967886 0.0796664 0.0687845 0.0858734 0.092655 0.104689 0.12071 0.128548 0.144188 0.133005 0.138712 0.151588 0.161176 0.167742 0.170431 0.18457 0.1916 0.198584 0.200223 0.192691 0.217572 0.224098 0.207223 0.216444 0.240547 0.247695 0.255031 0.262395 0.268867 0.276231 0.276799 0.274765 0.249829 0.289603 0.312644 0.282607 0.29669 0.340317 0.347972 0.36663 0.359899 0.366156 0.369681 0.382572 0.371432 0.386292 0.389621 0.393664 0.395759 0.397494 0.398721 0.387397 0.378901 0.393843 0.37734 -9999 -9999 -9999 -9999 -9999
0.103811 0.10544 0.0971112 0.0804279 0.0824024 0.053743 0.0258036 0.057939 0.0879805 0.100003 0.0756154 0.0777146 0.121555 0.101979 0.111309 0.120807 0.131402 0.137272 0.146728 0.156107 0.153744 0.163627 0.165099 0.172359 0.193201 0.190396 0.185603 0.193631 0.204398 0.219142 0.24801 0.224536 0.228105 0.241751 0.249499 0.256565 0.264196 0.264709 0.271201 0.284437 0.269026 0.243117 0.281425 0.318257 0.299852 0.298981 0.342983 0.378648 0.357027 0.363672 0.362475 0.366888 0.371928 0.353899 0.3572 0.38397 0.387009 0.398561 0.400195 0.398829 0.37858 0.378651 0.393341 0.39179 -9999 -9999 -9999 -9999
0.0974753 0.117996 0.0950247 0.089745 0.0530808 0.0353597 0.0659943 0.0728123 0.0789336 0.0882661 0.0740051 0.0776215 0.0718272 0.106525 0.103097 0.113854 0.110693 0.122743 0.135579 0.143539 0.161151 0.157702 0.169981 0.166355 0.174344 0.192422 0.192244 0.187242 0.195353 0.196848 0.213992 0.220518 0.226982 0.231659 0.242982 0.251534 0.266166 0.266521 0.266247 0.28018 0.286776 0.280215 0.269411 0.293071 0.320518 0.314243 0.287256 0.371127 0.353816 0.362022 0.367016 0.370859 0.397748 0.406116 0.371364 0.358277 0.372415 0.390392 0.399239 0.402658 0.407081 0.380605 0.385289 0.400977 0.408563 -9999 -9999 -9999
0.119934 0.110724 0.120311 0.0637225 0.0459135 0.0700144 0.0795941 0.100407 0.0894457 0.0791956 0.0620287 0.0843933 0.0779298 0.0907288 0.090002 0.0908715 0.107286 0.119077 0.123379 0.134079 0.140824 0.143258 0.158586 0.169297 0.178615 0.180794 0.193345 0.195699 0.185051 0.16222 0.167911 0.215216 0.223603 0.224977 0.233889 0.24396 0.249221 0.261196 0.261862 0.290529 0.26991 0.287737 0.27722 0.270446 0.284478 0.322933 0.298964 0.32386 0.352114 0.356836 0.361883 0.360964 0.371837 0.341879 0.376738 0.375714 0.363549 0.400982 0.404116 0.40239 0.409769 0.405405 0.385641 0.367466 0.391536 0.391992 -9999 -9999
0.121387 0.120868 0.109302 0.0540215 0.0702197 0.0894928 0.112041 0.0931944 0.0567018 0.0823859 0.0526964 0.0854155 0.0768428 0.0630853 0.0750783 0.0897286 0.105229 0.112811 0.119945 0.124363 0.117654 0.138012 0.120929 0.163015 0.173623 0.166757 0.183843 0.190592 0.19655 0.17802 0.173667 0.163459 0.216945 0.224499 0.227978 0.241372 0.248937 0.256322 0.266944 0.262051 0.271574 0.280126 0.292881 0.293572 0.28597 0.30157 0.331446 0.302475 0.30419 0.33847 0.359219 0.368849 0.381844 0.365752 0.379103 0.382011 0.341247 0.340832 0.400982 0.404905 0.40402 0.408261 0.4049 0.401792 0.397716 0.412888 -9999 -9999
0.137167 0.12904 0.109661 0.0438381 0.101501 0.0924499 0.0915371 0.0890045 0.0775398 0.0660396 0.0638722 0.0646944 0.0574875 0.0819672 0.0776902 0.0792736 0.0849814 0.102212 0.116168 0.126033 0.141378 0.127234 0.138058 0.117274 0.161001 0.158949 0.161552 0.154125 0.198781 0.192427 0.179292 0.156027 0.161435 0.176967 0.216642 0.222191 0.221271 0.238596 0.250891 0.267479 0.272873 0.279133 0.284983 0.298764 0.304024 0.28599 0.321071 0.338645 0.324057 0.29953 0.358097 0.365217 0.382307 0.365412 0.364215 0.384468 0.391598 0.376333 0.360619 0.402627 0.407223 0.403491 0.429735 0.413814 0.405545 0.405923 -9999 -9999
0.14527 0.147293 0.106126 0.114539 0.0866189 0.103284 0.109015 0.0955731 0.074855 0.0833613 0.0819872 0.0684396 0.0856116 0.074254 0.0824934 0.0943902 0.105065 0.101015 0.112861 0.107571 0.109122 0.137518 0.14493 0.142755 0.133558 0.166664 0.167155 0.185222 0.179299 0.198148 0.205891 0.200008 0.184077 0.189614 0.21098 0.239139 0.237158 0.227565 0.255515 0.263523 0.268865 0.27997 0.288004 0.296516 0.305216 0.290609 0.301403 0.322719 0.339404 0.315091 0.359919 0.366704 0.38069 0.378907 0.384226 0.388717 0.383855 0.385528 0.366447 0.359184 0.403216 0.424794 0.400838 0.423178 0.413675 0.394746 0.406523 -9999
0.164384 0.126508 0.13235 0.0695826 0.115005 0.0941464 0.107849 0.111811 0.0865021 0.0914476 0.082003 0.0867979 0.0784943 0.0711512 0.0758052 0.0836664 0.0882661 0.0781007 0.0965918 0.0921769 0.11871 0.127574 0.141662 0.149301 0.148714 0.15373 0.168756 0.166017 0.165649 0.185518 0.201768 0.2067 0.202386 0.186633 0.184273 0.216755 0.227218 0.22861 0.222282 0.234739 0.236226 0.244821 0.252837 0.263034 0.28855 0.296489 0.279315 0.292829 0.3496 0.355107 0.35991 0.363756 0.377622 0.3664 0.382866 0.388278 0.392576 0.395121 0.394847 0.388876 0.367718 0.406063 0.405684 0.387084 0.423801 0.4211 0.402945 0.407101
0.138662 0.150713 0.132154 0.131869 0.0539612 0.116989 0.105056 0.128998 0.0991483 0.0968218 0.105016 0.078627 0.0771877 0.081602 0.0805752 0.0847584 0.0770766 0.106146 0.095202 0.106003 0.114156 0.122632 0.1318 0.145559 0.152387 0.156468 0.158486 0.175328 0.164222 0.17724 0.182511 0.195706 0.200575 0.205244 0.179458 0.176926 0.23121 0.24242 0.245092 0.248196 0.26114 0.271095 0.276557 0.290318 0.284464 0.291886 0.306364 0.28647 0.287546 0.342848 0.355839 0.359619 0.351104 0.366516 0.380038 0.385863 0.392818 0.39699 0.38596 0.400364 0.415207 0.398037 0.412442 0.399887 0.392504 0.434812 0.436948 0.427994
0.142772 0.141356 0.150404 0.141692 0.132339 0.0961676 0.128054 0.111783 0.126495 0.111387 0.0963098 0.0833702 0.0876515 0.0846588 0.0830125 0.0756666 0.0827002 0.0892256 0.0924723 0.115494 0.110409 0.118605 0.126563 0.141148 0.15308 0.136453 0.158854 0.17642 0.173172 0.175192 0.188949 0.196381 0.204802 0.203476 0.220612 0.210431 0.192811 0.237248 0.247098 0.251347 0.252798 0.271882 0.279076 0.279708 0.286908 0.29805 0.308691 0.298248 0.267663 0.290416 0.314986 0.354469 0.360028 0.357524 0.376382 0.380141 0.386411 0.393293 0.405537 0.394548 0.386389 0.412145 0.418548 0.423751 0.45327 0.437781 0.446779 0.444569
0.148947 0.136889 0.16362 0.151182 0.126573 0.136675 0.125996 0.128718 0.109839 0.128998 0.107089 0.0974753 0.0964988 0.0899395 0.0771442 0.0775307 0.0914147 0.0919059 0.0977208 0.104537 0.120077 0.113995 0.12803 0.130653 0.125457 0.152616 0.156901 0.168722 0.215211 0.179245 0.178357 0.184711 0.198142 0.20638 0.20537 0.211056 0.205435 0.191724 0.239931 0.245777 0.248472 0.233685 0.267443 0.276382 0.285734 0.294903 0.3032 0.306898 0.299472 0.291781 0.311005 0.336591 0.363514 0.348951 0.359388 0.371352 0.380441 0.392748 0.386084 0.397639 0.425187 0.423178 0.427802 0.404492 0.432689 0.438968 0.440704 0.449239
0.182761 0.127009 0.167864 0.136111 0.153065 0.146421 0.118269 0.138505 0.143507 0.121928 0.114716 0.106493 0.0995596 0.0992986 0.0776063 0.10268 0.0998113 0.101744 0.0948178 0.100571 0.106188 0.112071 0.116738 0.1095 0.137624 0.137939 0.144451 0.1836 0.178063 0.206642 0.184483 0.191908 0.191426 0.201022 0.212948 0.210675 0.214302 0.211034 0.194769 0.208968 0.243407 0.240747 0.242615 0.272245 0.281633 0.272438 0.294314 0.30667 0.316629 0.326696 0.318229 0.332285 0.345202 0.336293 0.334425 0.35846 0.374377 0.38718 0.393618 0.414848 0.40887 0.415299 0.410452 0.402801 0.384557 0.437755 0.440711 0.448853
0.201311 0.170558 0.119506 0.145984 0.159011 0.155795 0.149405 0.133304 0.149209 0.132202 0.123051 0.12693 0.105314 0.0953525 0.0999556 0.103894 0.0930109 0.0926108 0.1003 0.0968687 0.100918 0.108667 0.127663 0.124008 0.130638 0.134454 0.156998 0.128589 0.160963 0.17866 0.178273 0.16772 0.174933 0.20033 0.203351 0.21349 0.212265 0.216417 0.215261 0.224519 0.239664 0.253177 0.221676 0.222036 0.256218 0.283567 0.294222 0.302106 0.316969 0.322361 0.311596 0.306972 0.343101 0.357086 0.34746 0.341747 0.347387 0.392843 0.405365 0.399757 0.406624 0.407152 0.412896 0.413658 0.410125 0.394112 0.450625 0.45243
0.197292 0.162391 0.166922 0.129354 0.150013 0.165045 0.150334 0.152025 0.143273 0.150498 0.143005 0.121124 0.112946 0.103859 0.107368 0.100718 0.0969051 0.0856346 0.0854685 0.0871238 0.0876636 0.11199 0.109957 0.120499 0.124873 0.153 0.140468 0.146988 0.133198 0.173353 0.169178 0.189622 0.161504 0.180425 0.204441 0.207972 0.21712 0.219772 0.222858 0.187404 0.170106 0.238741 0.259416 0.260109 0.255133 0.278943 0.289691 0.284968 0.288802 0.295703 0.313569 0.304192 0.320115 0.343835 0.350168 0.351656 0.348514 0.370597 0.386942 0.395189 0.397047 0.409128 0.414527 0.4099 0.408359 0.437917 0.412936 0.449633
0.220261 0.172364 0.178647 0.168267 0.148679 0.161389 0.165808 0.175726 0.157474 0.166504 0.126357 0.132667 0.106428 0.132999 0.106099 0.100722 0.0981402 0.0934996 0.0915776 0.0994789 0.10709 0.109714 0.108815 0.121839 0.131691 0.13244 0.139299 0.149611 0.140991 0.141594 0.167905 0.186675 0.204801 0.192109 0.18348 0.206356 0.210581 0.195111 0.206502 0.233882 0.2338 0.203229 0.233747 0.261842 0.258304 0.264414 0.267868 0.27861 0.298665 0.30747 0.312749 0.321919 0.331358 0.354481 0.370694 0.355855 0.383079 0.358281 0.366325 0.384743 0.397989 0.404734 0.410996 0.418403 0.438683 0.416877 0.422587 0.412205
0.238899 0.21914 0.172544 0.159305 0.166922 0.179002 0.168443 0.168997 0.195056 0.141996 0.148482 0.131035 0.135631 0.127583 0.121198 0.106099 0.10698 0.0955754 0.0943297 0.0960579 0.0964177 0.102477 0.106496 0.106352 0.105041 0.122563 0.137148 0.146589 0.153107 0.152001 0.16417 0.169545 0.180648 0.185802 0.196648 0.189894 0.200528 0.211664 0.235434 0.23012 0.238378 0.21706 0.207027 0.23249 0.225178 0.225743 0.234498 0.291393 0.296206 0.300976 0.321157 0.320466 0.323792 0.333733 0.350045 0.344049 0.355173 0.369636 0.364427 0.40519 0.391817 0.385069 0.392211 0.458623 0.42896 0.401659 0.442211 0.425806
0.257156 0.221453 0.210009 0.194628 0.179283 0.188714 0.177875 0.198559 0.166095 0.161504 0.151642 0.144329 0.148161 0.144159 0.133269 0.123079 0.0962506 0.105307 0.0869646 0.108918 0.101942 0.101792 0.0929558 0.102315 0.104947 0.116382 0.135877 0.136219 0.14344 0.146817 0.138654 0.154051 0.183974 0.190564 0.186435 0.20373 0.207073 0.223211 0.212476 0.230082 0.221241 0.235389 0.221205 0.228105 0.26231 0.266318 0.28543 0.268714 0.286958 0.304446 0.316732 0.323109 0.324241 0.31042 0.315991 0.336025 0.324653 0.349173 0.343636 0.345776 0.382543 0.406074 0.396347 0.359802 0.430295 0.414795 0.440422 0.457063
0.271877 0.20648 0.189665 0.227719 0.216525 0.197005 0.203037 0.175859 0.184237 0.161229 0.165932 0.153506 0.155232 0.154047 0.140356 0.10966 0.117837 0.0898697 0.104565 0.12232 0.104806 0.093686 0.0992825 0.109342 0.118722 0.126465 0.122649 0.138399 0.119711 0.140831 0.154473 0.161506 0.155328 0.173846 0.175825 0.182002 0.201437 0.204586 0.218042 0.214028 0.234069 0.237436 0.242465 0.221382 0.236803 0.287083 0.264716 0.267914 0.273332 0.295723 0.301464 0.30973 0.305635 0.303976 0.309775 0.319327 0.345576 0.351128 0.36501 0.354438 0.363363 0.351128 0.390364 0.382851 0.383593 0.405781 0.423792 0.412774
0.216314 0.241227 0.180767 0.197805 0.224542 0.226532 0.209753 0.193038 0.201596 0.181172 0.160447 0.167352 0.160904 0.155734 0.138001 0.125504 0.146619 0.124317 0.105716 0.127198 0.0985983 0.0977864 0.106283 0.104984 0.0924744 0.108229 0.106624 0.122611 0.143997 0.144846 0.14207 0.158874 0.164933 0.157372 0.184217 0.175241 0.187712 0.197481 0.211765 0.231969 0.229342 0.238075 0.233675 0.244451 0.217909 0.212421 0.260291 0.262654 0.254594 0.250675 0.295382 0.296501 0.305922 0.29361 0.293157 0.30051 0.294028 0.337198 0.347049 0.356821 0.361765 0.359505 0.361528 0.395838 0.395527 0.383021 0.406713 0.424652
0.256831 0.229202 0.212427 0.188062 0.224663 0.23084 0.209402 0.196838 0.216448 0.185753 0.169055 0.1762 0.169997 0.164139 0.1595 0.145022 0.139559 0.110835 0.119783 0.111604 0.109499 0.109142 0.103809 0.0887444 0.116543 0.124932 0.123711 0.113439 0.131501 0.151015 0.143997 0.144511 0.145836 0.164985 0.164778 0.186209 0.196638 0.211354 0.212048 0.221353 0.229486 0.23604 0.240243 0.239976 0.248708 0.22047 0.206058 0.23823 0.268622 0.267617 0.25163 0.266007 0.295971 0.314051 0.312614 0.325623 0.322714 0.345483 0.357252 0.35598 0.36699 0.373506 0.344699 0.364284 0.398498 0.400235 0.394888 0.421954
0.285406 0.259305 0.218207 0.224456 0.232369 0.238512 0.228343 0.210173 0.226785 0.192965 0.194321 0.163846 0.177928 0.178868 0.14218 0.156006 0.160995 0.117213 0.109152 0.118961 0.120052 0.109028 0.0974164 0.113682 0.127028 0.119538 0.118071 0.125401 0.133518 0.123764 0.16301 0.137519 0.163774 0.156765 0.16974 0.178052 0.192599 0.197175 0.191642 0.206174 0.226244 0.235645 0.249536 0.243203 0.233925 0.242896 0.228789 0.215218 0.244104 0.272745 0.280293 0.294514 0.303699 0.309691 0.310488 0.306551 0.313238 0.337249 0.309851 0.333189 0.338585 0.367087 0.363885 0.353555 0.360239 0.375231 0.371059 0.356601
0.304264 0.258541 0.220032 0.20385 0.225953 0.25592 0.240493 0.223419 0.239436 0.215729 0.205677 0.175863 0.188564 0.165161 0.169844 0.160732 0.151629 0.117716 0.138992 0.13158 0.114954 0.109613 0.122744 0.111726 0.111502 0.115111 0.104889 0.0959795 0.0840449 0.11633 0.139409 0.177994 0.173599 0.170032 0.168127 0.168857 0.187426 0.203817 0.203238 0.190658 0.204117 0.214611 0.235697 0.247653 0.234718 0.235549 0.247738 0.225457 0.21785 0.231398 0.283621 0.289269 0.294809 0.303192 0.312442 0.333003 0.309479 0.330524 0.326471 0.320886 0.31126 0.351059 0.379283 0.371947 0.364519 0.367395 0.415294 0.36301
0.314409 0.300557 0.274822 0.211075 0.201154 0.24191 0.243025 0.236846 0.232428 0.236944 0.198611 0.211599 0.18602 0.177817 0.177966 0.169627 0.145744 0.153 0.14042 0.1269 0.12572 0.137447 0.115099 0.115494 0.122213 0.113512 0.112966 0.127647 0.121364 0.167601 0.153403 0.147899 0.142138 0.1598 0.170015 0.181514 0.18314 0.194807 0.193866 0.205108 0.202405 0.214367 0.231972 0.238814 0.245216 0.250309 0.256833 0.269503 0.256435 0.251292 0.237693 0.284884 0.291002 0.297393 0.321034 0.312524 0.311414 0.297724 0.306123 0.322223 0.327839 0.303846 0.31339 0.352919 0.375939 0.357553 0.371642 0.398597
0.305387 0.310884 0.283339 0.281718 0.199699 0.237183 0.26144 0.238663 0.236119 0.23084 0.225208 0.211338 0.204069 0.19711 0.178369 0.166395 0.167857 0.16204 0.162971 0.15026 0.127917 0.141748 0.134818 0.123909 0.127166 0.126196 0.131308 0.109224 0.164834 0.152396 0.143944 0.138866 0.147279 0.145631 0.160604 0.169521 0.179048 0.18305 0.21276 0.215006 0.208973 0.220568 0.218628 0.251058 0.25095 0.255368 0.252671 0.251345 0.263575 0.258957 0.253643 0.271494 0.286723 0.278545 0.268368 0.305152 0.30291 0.287435 0.324431 0.321723 0.327609 0.342764 0.327934 0.349766 0.369657 0.349302 0.35009 0.376593
0.34131 0.322182 0.293376 0.292263 0.22527 0.253835 0.244619 0.269544 0.235865 0.236482 0.215363 0.245446 0.213512 0.207057 0.185901 0.173774 0.184509 0.168069 0.17759 0.15635 0.12175 0.147108 0.127979 0.13205 0.130224 0.124711 0.107475 0.157009 0.144958 0.129816 0.124857 0.136361 0.151756 0.145996 0.15826 0.165524 0.143232 0.181675 0.192084 0.191818 0.214956 0.212102 0.199451 0.202367 0.205843 0.245501 0.25383 0.259683 0.269514 0.264534 0.251438 0.224732 0.215775 0.283839 0.263504 0.260777 0.286794 0.2938 0.320838 0.324226 0.319702 0.336272 0.33062 0.343333 0.315531 0.375079 0.371827 0.369175
0.359337 0.343729 0.300963 0.303654 0.275144 0.267108 0.258611 0.255396 0.270368 0.22822 0.237509 0.234273 0.233044 0.207252 0.20974 0.201804 0.163271 0.195496 0.183748 0.166723 0.147392 0.126383 0.146165 0.14409 0.126358 0.130691 0.131367 0.155252 0.107877 0.122343 0.131773 0.139816 0.131384 0.171997 0.157412 0.16244 0.189011 0.156915 0.190547 0.191145 0.189787 0.215085 0.219207 0.232865 0.231638 0.220986 0.245715 0.245638 0.258862 0.269783 0.279252 0.263288 0.256263 0.223984 0.286432 0.268119 0.243902 0.23575 0.314669 0.321256 0.321758 0.319614 0.321976 0.311548 0.334279 0.317754 0.375999 0.357965
