tags/0.1/data/slope_dinf_2m.txt
ncols         197
nrows         200
xllcorner     183434
yllcorner     584651
cellsize      2
NODATA_value  -9999
[rows 60 to 89 of 200, columns 0 to 67 of 197]
-9999 -9999 -9999 -9999 -9999 -9999 -9999 -9999 -9999 -9999 0.37914 0.386182 0.35913 0.392399 0.432699 0.426202 0.424858 0.37442 0.352781 0.361011 0.327745 0.350889 0.324918 0.298714 0.29417 0.277093 0.252109 0.284962 0.257386 0.265011 0.262205 0.259939 0.265914 0.245808 0.248054 0.283043 0.243936 0.227454 0.216027 0.22092 0.197497 0.212809 0.210513 0.219971 0.208572 0.17959 0.194294 0.199066 0.205091 0.192343 0.178136 0.184668 0.160995 0.144501 0.194957 0.133663 0.146482 0.181176 0.152603 0.132086 0.142142 0.140321 0.11962 0.11257 0.121137 0.131052 0.12707 0.122332
-9999 -9999 -9999 -9999 -9999 -9999 -9999 -9999 -9999 -9999 -9999 0.354921 0.389447 0.3554 0.408533 0.435623 0.430711 0.411367 0.380314 0.357903 0.362945 0.347194 0.382074 0.325975 0.294516 0.300289 0.300708 0.262519 0.277658 0.266012 0.276507 0.266209 0.241129 0.259829 0.265795 0.244859 0.255811 0.215345 0.231451 0.236811 0.215488 0.222827 0.219491 0.215717 0.187427 0.198573 0.208263 0.207885 0.209448 0.202168 0.195737 0.201096 0.157795 0.124507 0.185501 0.147003 0.194992 0.161313 0.143306 0.144182 0.138173 0.14789 0.121556 0.114239 0.105305 0.116361 0.107806 0.117904
-9999 -9999 -9999 -9999 -9999 -9999 -9999 -9999 -9999 -9999 -9999 -9999 0.374007 0.381385 0.360198 0.410064 0.434532 0.427427 0.410596 0.386628 0.372295 0.33123 0.349409 0.351794 0.344033 0.293466 0.289115 0.298838 0.265508 0.281803 0.274481 0.299259 0.261672 0.275309 0.268997 0.259673 0.239749 0.233531 0.233205 0.233683 0.228388 0.234611 0.221976 0.221819 0.223204 0.198423 0.215125 0.21711 0.206372 0.214669 0.211318 0.196489 0.148007 0.163746 0.191504 0.141765 0.186817 0.166227 0.149986 0.149104 0.142386 0.153835 0.112378 0.116114 0.129247 0.100192 0.125873 0.10659
-9999 -9999 -9999 -9999 -9999 -9999 -9999 -9999 -9999 -9999 -9999 -9999 -9999 0.372948 0.38179 0.374371 0.409013 0.429855 0.422374 0.386785 0.396288 0.377241 0.35825 0.364107 0.34931 0.353262 0.300166 0.289445 0.299942 0.271624 0.291917 0.28303 0.310818 0.277643 0.271191 0.281064 0.240339 0.259349 0.236592 0.253566 0.230877 0.258003 0.229647 0.24709 0.228311 0.22702 0.214513 0.226532 0.221673 0.220195 0.213518 0.192114 0.188082 0.191057 0.168361 0.145358 0.167496 0.181547 0.164909 0.155388 0.147453 0.155135 0.130679 0.111192 0.1285 0.0947449 0.115266 0.104418
-9999 -9999 -9999 -9999 -9999 -9999 -9999 -9999 -9999 -9999 -9999 -9999 -9999 -9999 0.374982 0.38169 0.378312 0.408119 0.390469 0.406966 0.390398 0.402688 0.373007 0.384023 0.391738 0.370841 0.362484 0.300166 0.292019 0.321551 0.310096 0.31765 0.297907 0.310396 0.299106 0.287959 0.269049 0.284891 0.238213 0.272698 0.246166 0.258702 0.249088 0.256506 0.249778 0.225733 0.248708 0.240438 0.240695 0.227477 0.215474 0.206743 0.218612 0.187175 0.162931 0.197949 0.15843 0.137645 0.192993 0.16408 0.153663 0.145057 0.14802 0.130131 0.106789 0.11743 0.112071 0.0967504
-9999 -9999 -9999 -9999 -9999 -9999 -9999 -9999 -9999 -9999 -9999 -9999 -9999 -9999 -9999 0.372906 0.38623 0.467254 0.447596 0.423664 0.403767 0.397685 0.38979 0.348959 0.375542 0.400007 0.376365 0.369261 0.312887 0.286228 0.312095 0.312383 0.312914 0.314912 0.327411 0.276593 0.28311 0.275619 0.239356 0.269326 0.246332 0.240369 0.26224 0.264689 0.263143 0.214466 0.232343 0.24804 0.255804 0.241062 0.23228 0.217191 0.202614 0.206673 0.175152 0.187205 0.166987 0.181601 0.152297 0.177209 0.163323 0.157168 0.135034 0.116503 0.138981 0.13059 0.11767 0.113935
-9999 -9999 -9999 -9999 -9999 -9999 -9999 -9999 -9999 -9999 -9999 -9999 -9999 -9999 -9999 -9999 -9999 0.380525 0.432731 0.443003 0.398898 0.422214 0.416018 0.390165 0.350086 0.385716 0.393132 0.360513 0.383572 0.321023 0.316149 0.316453 0.317926 0.311559 0.327585 0.32342 0.315937 0.295519 0.281532 0.281144 0.298513 0.234694 0.249127 0.274742 0.264323 0.266301 0.233205 0.252507 0.252012 0.262616 0.256266 0.214921 0.230459 0.222935 0.173566 0.196845 0.188311 0.16594 0.168427 0.163172 0.155035 0.157381 0.135215 0.14949 0.137497 0.130005 0.111496 0.13278
-9999 -9999 -9999 -9999 -9999 -9999 -9999 -9999 -9999 -9999 -9999 -9999 -9999 -9999 -9999 -9999 -9999 -9999 0.379825 0.451738 0.44921 0.452548 0.421713 0.418339 0.392646 0.374561 0.398803 0.359563 0.373659 0.384468 0.328446 0.322436 0.316327 0.333579 0.331898 0.312998 0.316688 0.291371 0.280812 0.310534 0.296278 0.29234 0.281507 0.281822 0.269456 0.272924 0.27029 0.252837 0.254662 0.288088 0.247261 0.235068 0.242468 0.235459 0.226038 0.177774 0.193576 0.190373 0.152123 0.175507 0.152496 0.113577 0.218506 0.153577 0.143325 0.128407 0.113019 0.124801
-9999 -9999 -9999 -9999 -9999 -9999 -9999 -9999 -9999 -9999 -9999 -9999 -9999 -9999 -9999 -9999 -9999 -9999 -9999 -9999 0.414906 0.467666 0.446894 0.425789 0.412325 0.384068 0.396545 0.386418 0.340255 0.376133 0.352496 0.360545 0.326331 0.312714 0.331576 0.345509 0.318718 0.287214 0.309731 0.314866 0.313115 0.288728 0.302513 0.295044 0.277081 0.272429 0.280456 0.265906 0.269286 0.262151 0.268475 0.248512 0.252234 0.244975 0.234196 0.223665 0.175596 0.195569 0.20137 0.189355 0.170055 0.181527 0.149963 0.160537 0.146353 0.116507 0.128478 0.1315
-9999 -9999 -9999 -9999 -9999 -9999 -9999 -9999 -9999 -9999 -9999 -9999 -9999 -9999 -9999 -9999 -9999 -9999 -9999 -9999 -9999 -9999 0.464342 0.44125 0.42802 0.40871 0.409458 0.42389 0.389612 0.356204 0.35357 0.347907 0.371933 0.35815 0.329354 0.3421 0.352401 0.296627 0.313642 0.328549 0.324925 0.296806 0.310109 0.314203 0.286928 0.289434 0.303153 0.267662 0.287799 0.272249 0.27434 0.274584 0.270522 0.263645 0.252522 0.236212 0.242319 0.188827 0.198511 0.15592 0.196553 0.177271 0.15966 0.166017 0.151204 0.155442 0.145071 0.127306
-9999 -9999 -9999 -9999 -9999 -9999 -9999 -9999 -9999 -9999 -9999 -9999 -9999 -9999 -9999 -9999 -9999 -9999 -9999 -9999 -9999 -9999 -9999 0.467161 0.42194 0.410168 0.410991 0.41618 0.380323 0.378113 0.344483 0.356999 0.35638 0.38899 0.359218 0.348259 0.369709 0.353208 0.317495 0.338513 0.348212 0.326736 0.3316 0.340729 0.321004 0.300786 0.324966 0.287791 0.289913 0.300292 0.295387 0.293334 0.286463 0.2756 0.260096 0.250214 0.251469 0.227425 0.214605 0.192374 0.223645 0.185433 0.176476 0.168627 0.15561 0.166709 0.140131 0.15417
-9999 -9999 -9999 -9999 -9999 -9999 -9999 -9999 -9999 -9999 -9999 -9999 -9999 -9999 -9999 -9999 -9999 -9999 -9999 -9999 -9999 -9999 -9999 -9999 0.468808 0.406269 0.412287 0.453293 0.418964 0.401548 0.379048 0.349313 0.369432 0.375126 0.375122 0.343478 0.349537 0.370112 0.363091 0.340491 0.348225 0.327517 0.335457 0.339597 0.349208 0.344816 0.32386 0.320816 0.302788 0.306622 0.315444 0.31507 0.299117 0.297754 0.285531 0.276521 0.271209 0.254203 0.222036 0.196336 0.205872 0.211106 0.19818 0.182461 0.168883 0.123966 0.151505 0.15948
-9999 -9999 -9999 -9999 -9999 -9999 -9999 -9999 -9999 -9999 -9999 -9999 -9999 -9999 -9999 -9999 -9999 -9999 -9999 -9999 -9999 -9999 -9999 -9999 -9999 0.456087 0.41317 0.410914 0.427101 0.422607 0.420017 0.375862 0.369427 0.382236 0.407307 0.409767 0.368055 0.35854 0.37469 0.370525 0.353612 0.362033 0.360275 0.353114 0.365632 0.33199 0.355129 0.334456 0.310773 0.323911 0.322589 0.330813 0.326076 0.316144 0.293026 0.281653 0.22451 0.243887 0.236598 0.229643 0.173527 0.219263 0.228115 0.191883 0.196387 0.181593 0.126904 0.162506
-9999 -9999 -9999 -9999 -9999 -9999 -9999 -9999 -9999 -9999 -9999 -9999 -9999 -9999 -9999 -9999 -9999 -9999 -9999 -9999 -9999 -9999 -9999 -9999 -9999 -9999 -9999 0.408501 0.428331 0.426741 0.445461 0.417143 0.404485 0.395063 0.392582 0.414873 0.404455 0.388989 0.382546 0.397643 0.388917 0.374064 0.381697 0.365342 0.380298 0.375823 0.35507 0.350375 0.316564 0.318734 0.300228 0.299259 0.328603 0.33907 0.324853 0.289919 0.285421 0.273609 0.268348 0.268035 0.212846 0.222956 0.232612 0.192625 0.209075 0.196643 0.191025 0.131525
-9999 -9999 -9999 -9999 -9999 -9999 -9999 -9999 -9999 -9999 -9999 -9999 -9999 -9999 -9999 -9999 -9999 -9999 -9999 -9999 -9999 -9999 -9999 -9999 -9999 -9999 -9999 -9999 0.419689 0.431892 0.443426 0.415376 0.424793 0.406784 0.404914 0.433471 0.429965 0.420123 0.422127 0.41974 0.407286 0.400657 0.410827 0.416133 0.362746 0.385194 0.387497 0.383057 0.354408 0.352582 0.349045 0.300166 0.304833 0.335823 0.310739 0.317974 0.301079 0.243045 0.265746 0.247904 0.237826 0.229467 0.243586 0.214665 0.214514 0.226099 0.208951 0.18861
-9999 -9999 -9999 -9999 -9999 -9999 -9999 -9999 -9999 -9999 -9999 -9999 -9999 -9999 -9999 -9999 -9999 -9999 -9999 -9999 -9999 -9999 -9999 -9999 -9999 -9999 -9999 -9999 -9999 0.431757 0.445956 0.432457 0.421962 0.440322 0.4336 0.448302 0.458876 0.457846 0.429268 0.441313 0.436052 0.440645 0.429469 0.449152 0.428865 0.367343 0.353801 0.40592 0.394589 0.390634 0.365617 0.359068 0.311129 0.356494 0.338707 0.339104 0.325862 0.293801 0.281441 0.206036 0.264732 0.224668 0.242735 0.232314 0.224868 0.207894 0.216925 0.200175
-9999 -9999 -9999 -9999 -9999 -9999 -9999 -9999 -9999 -9999 -9999 -9999 -9999 -9999 -9999 -9999 -9999 -9999 -9999 -9999 -9999 -9999 -9999 -9999 -9999 -9999 -9999 -9999 -9999 -9999 -9999 0.437786 0.436157 0.434908 0.415631 0.457196 0.463222 0.48795 0.465172 0.453373 0.447201 0.432543 0.440183 0.419718 0.444746 0.44866 0.399506 0.410419 0.385433 0.376346 0.36762 0.349347 0.378661 0.366986 0.356169 0.344684 0.291533 0.311283 0.33495 0.276839 0.26998 0.232064 0.240635 0.255231 0.225937 0.220831 0.221167 0.200122
-9999 -9999 -9999 -9999 -9999 -9999 -9999 -9999 -9999 -9999 -9999 -9999 -9999 -9999 -9999 -9999 -9999 -9999 -9999 -9999 -9999 -9999 -9999 -9999 -9999 -9999 -9999 -9999 -9999 -9999 -9999 -9999 -9999 -9999 0.441931 0.421056 0.454017 0.471731 0.484998 0.460974 0.451605 0.440418 0.489384 0.479166 0.476598 0.468149 0.45927 0.441548 0.434944 0.430006 0.450506 0.41719 0.393863 0.385333 0.373617 0.343477 0.349164 0.367356 0.276533 0.314828 0.282075 0.261257 0.235703 0.249826 0.248338 0.241873 0.23465 0.217235
-9999 -9999 -9999 -9999 -9999 -9999 -9999 -9999 -9999 -9999 -9999 -9999 -9999 -9999 -9999 -9999 -9999 -9999 -9999 -9999 -9999 -9999 -9999 -9999 -9999 -9999 -9999 -9999 -9999 -9999 -9999 -9999 -9999 -9999 -9999 -9999 0.454097 0.493259 0.5072 0.49431 0.481616 0.460992 0.463754 0.47844 0.487973 0.466241 0.492946 0.490392 0.479093 0.482868 0.41402 0.421452 0.413934 0.404378 0.416432 0.342235 0.374451 0.361903 0.275415 0.290338 0.309575 0.294348 0.27931 0.268625 0.250308 0.256762 0.245844 0.232748
-9999 -9999 -9999 -9999 -9999 -9999 -9999 -9999 -9999 -9999 -9999 -9999 -9999 -9999 -9999 -9999 -9999 -9999 -9999 -9999 -9999 -9999 -9999 -9999 -9999 -9999 -9999 -9999 -9999 -9999 -9999 -9999 -9999 -9999 -9999 -9999 -9999 -9999 0.525844 0.512097 0.500428 0.500885 0.477627 0.477915 0.490855 0.496439 0.487193 0.477025 0.476035 0.454673 0.413306 0.432196 0.42412 0.433447 0.405358 0.348612 0.389572 0.334325 0.349205 0.285322 0.267652 0.26158 0.303119 0.284766 0.250966 0.260698 0.254256 0.253602
-9999 -9999 -9999 -9999 -9999 -9999 -9999 -9999 -9999 -9999 -9999 -9999 -9999 -9999 -9999 -9999 -9999 -9999 -9999 -9999 -9999 -9999 -9999 -9999 -9999 -9999 -9999 -9999 -9999 -9999 -9999 -9999 -9999 -9999 -9999 -9999 -9999 -9999 -9999 -9999 0.532072 0.527633 0.523792 0.503453 0.461741 0.456907 0.493925 0.482918 0.458202 0.463819 0.444769 0.435486 0.45148 0.437372 0.425241 0.402246 0.405415 0.328746 0.327418 0.347908 0.310417 0.248238 0.296058 0.311938 0.264523 0.264677 0.262137 0.253113
-9999 -9999 -9999 -9999 -9999 -9999 -9999 -9999 -9999 -9999 -9999 -9999 -9999 -9999 -9999 -9999 -9999 -9999 -9999 -9999 -9999 -9999 -9999 -9999 -9999 -9999 -9999 -9999 -9999 -9999 -9999 -9999 -9999 -9999 -9999 -9999 -9999 -9999 -9999 -9999 -9999 -9999 0.548056 0.575582 0.551908 0.484366 0.461984 0.461401 0.450082 0.452203 0.452422 0.455129 0.449538 0.445251 0.441767 0.423087 0.423001 0.396467 0.329158 0.285776 0.353998 0.312186 0.304246 0.307757 0.278951 0.27474 0.266562 0.244795
-9999 -9999 -9999 -9999 -9999 -9999 -9999 -9999 -9999 -9999 -9999 -9999 -9999 -9999 -9999 -9999 -9999 -9999 -9999 -9999 -9999 -9999 -9999 -9999 -9999 -9999 -9999 -9999 -9999 -9999 -9999 -9999 -9999 -9999 -9999 -9999 -9999 -9999 -9999 -9999 -9999 -9999 -9999 0.572983 0.594452 0.572116 0.522569 0.517598 0.473048 0.461757 0.478525 0.47447 0.464604 0.46533 0.4585 0.445759 0.443325 0.438057 0.40507 0.288503 0.283948 0.35481 0.324014 0.308728 0.286506 0.288223 0.301424 0.276383
-9999 -9999 -9999 -9999 -9999 -9999 -9999 -9999 -9999 -9999 -9999 -9999 -9999 -9999 -9999 -9999 -9999 -9999 -9999 -9999 -9999 -9999 -9999 -9999 -9999 -9999 -9999 -9999 -9999 -9999 -9999 -9999 -9999 -9999 -9999 -9999 -9999 -9999 -9999 -9999 -9999 -9999 -9999 -9999 0.594668 0.556161 0.557196 0.53105 0.521493 0.506993 0.50382 0.497645 0.491107 0.48969 0.468049 0.459024 0.438759 0.458514 0.43565 0.402223 0.347198 0.345056 0.358392 0.340619 0.321323 0.312073 0.313774 0.285344
-9999 -9999 -9999 -9999 -9999 -9999 -9999 -9999 -9999 -9999 -9999 -9999 -9999 -9999 -9999 -9999 -9999 -9999 -9999 -9999 -9999 -9999 -9999 -9999 -9999 -9999 -9999 -9999 -9999 -9999 -9999 -9999 -9999 -9999 -9999 -9999 -9999 -9999 -9999 -9999 -9999 -9999 -9999 -9999 -9999 -9999 0.550412 0.561793 0.524664 0.510175 0.508299 0.499617 0.510116 0.519533 0.486578 0.463855 0.470486 0.444563 0.436698 0.411882 0.401007 0.346988 0.327261 0.333719 0.321107 0.307178 0.308192 0.306446
-9999 -9999 -9999 -9999 -9999 -9999 -9999 -9999 -9999 -9999 -9999 -9999 -9999 -9999 -9999 -9999 -9999 -9999 -9999 -9999 -9999 -9999 -9999 -9999 -9999 -9999 -9999 -9999 -9999 -9999 -9999 -9999 -9999 -9999 -9999 -9999 -9999 -9999 -9999 -9999 -9999 -9999 -9999 -9999 -9999 -9999 -9999 0.602255 0.541292 0.50441 0.542663 0.504536 0.499058 0.532947 0.503821 0.486008 0.47008 0.452023 0.434162 0.429211 0.416898 0.399693 0.374607 0.360328 0.348796 0.339247 0.321171 0.311274
-9999 -9999 -9999 -9999 -9999 -9999 -9999 -9999 -9999 -9999 -9999 -9999 -9999 -9999 -9999 -9999 -9999 -9999 -9999 -9999 -9999 -9999 -9999 -9999 -9999 -9999 -9999 -9999 -9999 -9999 -9999 -9999 -9999 -9999 -9999 -9999 -9999 -9999 -9999 -9999 -9999 -9999 -9999 -9999 -9999 -9999 -9999 -9999 0.605631 0.534225 0.53125 0.535639 0.518814 0.512209 0.524402 0.519578 0.492813 0.407296 0.399882 0.388541 0.437251 0.414606 0.396903 0.354091 0.341994 0.363591 0.351916 0.310458
-9999 -9999 -9999 -9999 -9999 -9999 -9999 -9999 -9999 -9999 -9999 -9999 -9999 -9999 -9999 -9999 -9999 -9999 -9999 -9999 -9999 -9999 -9999 -9999 -9999 -9999 -9999 -9999 -9999 -9999 -9999 -9999 -9999 -9999 -9999 -9999 -9999 -9999 -9999 -9999 -9999 -9999 -9999 -9999 -9999 -9999 -9999 -9999 -9999 0.619787 0.511945 0.50751 0.535603 0.524706 0.506642 0.521567 0.533098 0.494486 0.478447 0.458558 0.440514 0.436041 0.423433 0.379743 0.373878 0.369886 0.369904 0.329665
-9999 -9999 -9999 -9999 -9999 -9999 -9999 -9999 -9999 -9999 -9999 -9999 -9999 -9999 -9999 -9999 -9999 -9999 -9999 -9999 -9999 -9999 -9999 -9999 -9999 -9999 -9999 -9999 -9999 -9999 -9999 -9999 -9999 -9999 -9999 -9999 -9999 -9999 -9999 -9999 -9999 -9999 -9999 -9999 -9999 -9999 -9999 -9999 -9999 -9999 0.578072 0.520792 0.533048 0.547045 0.543263 0.48602 0.526787 0.50104 0.480126 0.483009 0.467079 0.447817 0.4301 0.369817 0.39474 0.389474 0.373961 0.361528
-9999 -9999 -9999 -9999 -9999 -9999 -9999 -9999 -9999 -9999 -9999 -9999 -9999 -9999 -9999 -9999 -9999 -9999 -9999 -9999 -9999 -9999 -9999 -9999 -9999 -9999 -9999 -9999 -9999 -9999 -9999 -9999 -9999 -9999 -9999 -9999 -9999 -9999 -9999 -9999 -9999 -9999 -9999 -9999 -9999 -9999 -9999 -9999 -9999 -9999 -9999 0.580181 0.545223 0.548433 0.55061 0.533976 0.5258 0.503809 0.500377 0.488812 0.491824 0.465193 0.451401 0.401298 0.388514 0.393375 0.39414 0.375022
